Location	Coordinates	pr_drop_Houston	pr_drop_Atlanta	pr_drop_Seattle	pr_drop_Phoenix	pr_drop_SanFran	pr_drop_NewYork	pr_drop_Outside	pr_drop_LosAnge	pr_drop_Dallas	pr_drop_Riversi	pr_drop_Chicago	pr_drop_Washing	pr_drop_group	pr_drop_pr
Cheyenne, WY Metro Area 	 41.1400,-104.8202	0.449	0.887	0.434	0.40900000000000003	0.47800000000000004	0.446	0.853	0.42700000000000005	0.40099999999999997	0.414	0.40499999999999997	0.448	2.646	0.853
Fairbanks, AK Metro Area 	 64.837845,-147.716675	0.406	1.159	0.477	0.46599999999999997	0.475	0.419	1.1329999999999998	0.428	1.278	0.433	1.2930000000000001	0.5609999999999999	3.629	1.1329999999999998
Flagstaff, AZ Metro Area 	 35.199458,-111.6514259	0.438	1.668	0.541	0.665	0.49299999999999994	0.467	1.585	0.526	2.186	0.48899999999999993	1.976	0.8109999999999999	5.074000000000001	1.585
Gainesville, GA Metro Area 	 34.2978794,-83.8240663	0.428	0.914	0.465	0.44499999999999995	0.449	0.442	1.289	0.44	1.014	0.503	0.9700000000000001	0.5910000000000001	3.211	1.289
Hilton Head Island-Bluffton-Beaufort, SC Metro Area 	 32.1618488,-80.7512616	0.481	1.944	0.555	0.496	0.643	0.47	1.882	0.49	2.2920000000000003	0.615	2.1719999999999997	1.1440000000000001	10.714	1.882
Jacksonville, NC Metro Area 	 34.7494749,-77.4208221	3.663	2.4090000000000003	0.726	0.5760000000000001	0.718	0.535	2.285	0.566	3.094	0.9940000000000001	2.859	2.247	13.873999999999999	2.285
Joplin, MO Metro Area 	 37.08418,-94.51323	1.158	0.9349999999999999	0.502	0.432	0.442	0.43	0.909	0.422	1.1689999999999998	0.447	1.059	0.488	2.646	0.909
Lawrence, KS Metro Area 	 38.9719384,-95.2359496	2.214	1.421	0.559	0.428	0.477	0.417	1.351	0.414	1.805	0.477	1.648	1.363	5.265	1.351
Lawton, OK Metro Area 	 34.6086854,-98.3903305	2.46	1.786	0.5760000000000001	0.441	0.763	0.462	1.689	0.494	2.076	0.61	2.063	0.9740000000000001	3.873	1.689
Midland, TX Metro Area 	 31.9973662,-102.0779482	2.46	1.6280000000000001	0.574	0.43600000000000005	0.7290000000000001	0.7290000000000001	1.532	2.313	2.0349999999999997	0.606	1.8860000000000001	0.622	6.645	1.532
Monroe, LA Metro Area 	 38.2722313,-90.1792484	1.236	0.954	0.43	0.41800000000000004	0.417	0.41300000000000003	0.9269999999999999	1.564	1.092	0.419	1.062	0.515	2.892	0.9269999999999999
Odessa, TX Metro Area 	 31.8457149,-102.367687	2.134	1.414	0.593	0.45199999999999996	0.74	1.789	1.345	1.893	1.7979999999999998	0.661	1.581	0.622	5.7330000000000005	1.345
Panama City, FL Metro Area 	 30.165156,-85.6605595	2.2520000000000002	1.702	0.5199999999999999	0.453	0.6	3.3040000000000003	1.64	2.6879999999999997	2.07	0.583	1.954	0.68	4.694	1.64
Redding, CA Metro Area 	 40.5863563,-122.3916754	1.479	1.105	0.45	3.0109999999999997	0.684	2.399	1.0690000000000002	1.818	1.268	0.479	1.211	0.65	19.559	1.0690000000000002
San Angelo, TX Metro Area 	 31.4648357,-100.4398442	1.691	1.35	0.503	2.83	0.5429999999999999	2.163	1.325	1.8539999999999999	1.4760000000000002	3.339	1.495	0.58	4.058	1.325
Sherman-Denison, TX Metro Area 	 33.6360125,-96.6097889	0.7789999999999999	0.933	2.363	1.1340000000000001	1.7489999999999999	1.0579999999999998	0.9	0.9	0.7380000000000001	1.297	1.093	0.462	2.7079999999999997	0.9
State College, PA Metro Area 	 40.7944504,-77.8616386	2.778	1.89	7.5329999999999995	4.403	6.071	4.1770000000000005	1.8719999999999999	3.356	2.368	3.682	2.133	1.58	24.442999999999998	1.8719999999999999
Victoria, TX Metro Area 	 28.8052674,-97.0035982	0.879	0.8130000000000001	2.386	1.485	1.6869999999999998	1.199	0.781	0.969	0.8540000000000001	1.6	0.8270000000000001	0.435	3.028	0.781
Walla Walla, WA Metro Area 	 46.0650381,-118.3302476	1.071	0.7969999999999999	2.2039999999999997	2.006	4.373	1.4829999999999999	0.777	1.201	0.911	2.569	0.882	0.486	3.109	0.777
Wichita Falls, TX Metro Area 	 33.9137085,-98.4933873	1.598	1.333	7.029	2.778	4.593	2.144	1.3110000000000002	1.821	1.403	3.142	1.531	25.905	20.994	1.3110000000000002
Arecibo, PR Metro Area 	 18.3442249,-66.7526951911433	0.414	0.40900000000000003	0.42000000000000004	0.41300000000000003	0.439	0.40299999999999997	0.536	0.414	0.40900000000000003	0.45399999999999996	0.384	0.415	4.592	0.536
Guayama, PR Metro Area 	 18.0724557,-66.1046633	0.389	0.475	0.386	0.389	0.40099999999999997	0.39599999999999996	0.47100000000000003	0.382	0.502	0.40900000000000003	0.49	0.4	2.646	0.47100000000000003
Lebanon, PA Metro Area 	 40.3429683,-76.4233816	1.227	1.018	0.553	0.48899999999999993	0.479	0.42000000000000004	0.9700000000000001	0.46599999999999997	1.244	0.53	1.147	1.016	6.704	0.9700000000000001
Mayagüez, PR Metro Area 	 17.9390029,-66.9539751	0.878	0.707	0.531	0.5950000000000001	0.741	0.42000000000000004	0.712	0.9	0.7969999999999999	0.657	0.755	0.518	5.7219999999999995	0.712
San Germán, PR Metro Area 	 18.0887911,-67.007989	0.55	0.483	0.402	0.767	1.073	0.6539999999999999	0.47800000000000004	0.61	0.515	0.712	0.505	0.398	3.6189999999999998	0.47800000000000004
Sheboygan, WI Metro Area 	 43.7508284,-87.71453	0.909	0.752	2.0730000000000004	1.236	1.571	0.972	0.731	1.0230000000000001	0.8360000000000001	1.1789999999999998	0.7919999999999999	0.47800000000000004	2.663	0.731
Vineland-Bridgeton, NJ Metro Area 	 39.473152,-75.0020265495217	1.229	0.871	3.2590000000000003	1.33	2.348	1.503	0.832	1.549	1.014	1.609	0.941	0.502	2.646	0.832
Albany, OR Metro Area 	 44.6365071,-123.1059324	0.40099999999999997	0.906	0.526	0.46099999999999997	0.417	0.491	1.2489999999999999	0.419	0.40499999999999997	0.45199999999999996	0.398	0.599	12.805	1.2489999999999999
Altoona, PA Metro Area 	 40.518681,-78.394736	0.44	0.447	0.5559999999999999	0.408	0.437	0.419	0.661	0.406	0.384	0.44	0.431	0.732	14.642999999999999	0.661
Athens-Clarke County, GA Metro Area 	 33.9597677,-83.376398	0.421	0.519	0.5469999999999999	0.46900000000000003	0.594	0.47300000000000003	1.89	0.502	0.44499999999999995	0.566	0.417	0.786	3.556	1.89
Auburn-Opelika, AL Metro Area 	 41.4767352,-81.1443658	0.47600000000000003	1.828	0.507	0.51	0.49200000000000005	0.46	1.8159999999999998	0.465	0.453	0.592	0.46099999999999997	0.6759999999999999	6.698	1.8159999999999998
Bismarck, ND Metro Area 	 46.808327,-100.783739	0.422	0.8310000000000001	0.426	0.395	0.40900000000000003	0.39599999999999996	0.804	0.41300000000000003	0.40499999999999997	0.451	0.40700000000000003	0.47	7.4590000000000005	0.804
Blacksburg-Christiansburg-Radford, VA Metro Area 	 37.2296566,-80.4136767	0.467	1.897	0.9779999999999999	0.494	0.884	0.574	1.794	0.491	0.456	0.866	0.457	1.168	3.125	1.794
Bloomington, IL Metro Area 	 40.4731073,-88.9941403	0.467	1.5150000000000001	0.499	0.441	0.512	0.43600000000000005	1.441	0.421	0.448	0.448	0.49200000000000005	0.633	4.8950000000000005	1.441
Bloomsburg-Berwick, PA Metro Area 	 41.0041213,-76.453816	0.392	0.761	0.5760000000000001	0.453	0.722	0.467	0.754	0.439	0.39399999999999996	0.661	0.424	0.619	4.574	0.754
California-Lexington Park, MD Metro Area 	 38.3004029,-76.5074542	0.467	0.9039999999999999	0.504	0.412	0.5199999999999999	0.44499999999999995	0.878	0.431	0.397	0.464	0.40700000000000003	0.46099999999999997	2.693	0.878
Carbondale-Marion, IL Metro Area 	 37.7274692,-89.216655	0.421	0.9420000000000001	0.43600000000000005	0.429	0.45199999999999996	0.41100000000000003	0.91	0.406	0.40099999999999997	0.429	0.414	0.508	2.932	0.91
Corvallis, OR Metro Area 	 44.5645659,-123.2620435	0.496	1.3639999999999999	0.575	0.49799999999999994	0.505	0.43600000000000005	1.3370000000000002	0.455	0.416	0.44	1.5050000000000001	0.571	13.530000000000001	1.3370000000000002
Decatur, IL Metro Area 	 39.8454163,-88.9524151	0.40700000000000003	0.745	0.415	0.40900000000000003	0.441	0.38699999999999996	0.719	0.386	0.763	0.426	0.7060000000000001	0.462	2.646	0.719
Florence-Muscle Shoals, AL Metro Area 	 34.74481, -87.66753 	0.47	0.962	0.439	0.449	0.472	0.46599999999999997	0.912	0.416	1.0839999999999999	0.5289999999999999	0.945	0.531	20.742	0.912
Grand Island, NE Metro Area 	 40.924271,-98.338685	0.393	0.623	0.381	0.39599999999999996	0.42000000000000004	0.393	0.605	0.40299999999999997	0.731	0.42000000000000004	0.6880000000000001	0.435	2.796	0.605
Homosassa Springs, FL Metro Area 	 28.8035939,-82.5759329	0.435	1.1360000000000001	1.161	0.643	0.879	0.449	1.075	0.46799999999999997	1.431	0.703	1.3159999999999998	0.523	5.345	1.075
Johnstown, PA Metro Area 	 40.3267407,-78.9219698	1.1219999999999999	0.805	0.528	0.40299999999999997	0.49	0.443	0.8019999999999999	0.424	0.9520000000000001	0.48700000000000004	0.895	0.704	7.561	0.8019999999999999
Lima, OH Metro Area 	 40.742551,-84.1052256	0.804	0.74	0.43600000000000005	0.397	0.43	0.4	0.708	0.397	0.8140000000000001	0.421	0.8130000000000001	0.416	2.705	0.708
Longview, WA Metro Area 	 46.1377048,-122.9344623	1.085	0.772	0.554	0.447	0.437	0.404	0.747	0.42000000000000004	0.923	0.398	0.869	0.499	18.682000000000002	0.747
Mankato-North Mankato, MN Metro Area 	 44.1634663,-93.9993505	1.462	0.969	0.406	0.42000000000000004	0.434	0.389	0.934	1.928	1.221	0.40900000000000003	1.123	0.504	2.851	0.934
Mansfield, OH Metro Area 	 40.75839,-82.5154471	0.777	0.8109999999999999	0.458	0.423	0.447	0.38499999999999995	0.798	0.846	0.721	0.393	0.912	0.5419999999999999	3.626	0.798
Midland, MI Metro Area 	 43.6155825,-84.2472117	0.982	0.86	0.45	0.5339999999999999	0.47600000000000003	0.58	0.8170000000000001	1.4809999999999999	0.941	0.5339999999999999	0.9	0.5429999999999999	11.966	0.8170000000000001
Monroe, MI Metro Area 	 41.9145037,-83.3968252	1.016	0.8899999999999999	0.455	0.40700000000000003	0.39399999999999996	0.41100000000000003	0.877	1.2650000000000001	1.141	0.41100000000000003	1.027	0.54	2.646	0.877
Morgantown, WV Metro Area 	 39.6296809,-79.9559437	1.7229999999999999	1.321	1.012	0.629	0.911	0.546	1.267	2.202	1.4760000000000002	0.695	1.442	0.972	8.864	1.267
Muncie, IN Metro Area 	 40.1936683,-85.3865114	1.714	1.2149999999999999	0.431	0.44	0.45899999999999996	0.40499999999999997	1.1440000000000001	1.195	1.509	0.502	1.383	0.5810000000000001	3.1879999999999997	1.1440000000000001
Parkersburg-Vienna, WV Metro Area 	 39.2699565,-81.5506916	0.675	0.585	0.462	0.421	0.46299999999999997	0.875	0.5900000000000001	0.732	0.618	0.437	0.6	0.424	3.029	0.5900000000000001
Punta Gorda, FL Metro Area 	 26.9297836,-82.0453664	2.6679999999999997	1.676	0.47300000000000003	2.956	0.5559999999999999	4.2139999999999995	1.617	3.608	2.0100000000000002	0.531	1.874	0.694	4.534	1.617
Sierra Vista-Douglas, AZ Metro Area 	 31.5455709,-110.2772249	2.362	1.574	10.446	3.22	8.119	3.9160000000000004	1.484	2.979	1.9980000000000002	4.37	1.838	1.001	2.857	1.484
Springfield, OH Metro Area 	 39.9242266,-83.8088172	0.851	0.928	1.911	1.217	1.727	1.09	0.885	0.934	1.053	1.4480000000000002	1.06	0.45399999999999996	4.186999999999999	0.885
Terre Haute, IN Metro Area 	 39.4667025,-87.4139119	1.509	1.139	5.6	2.1510000000000002	4.590000000000001	1.64	1.089	1.4809999999999999	1.34	2.391	1.246	0.624	5.082	1.089
Texarkana, TX-AR Metro Area 	 33.4254684,-94.0430977	1.168	0.948	3.7439999999999998	1.949	2.6310000000000002	1.434	0.909	1.198	1.088	2.378	1.0790000000000002	0.5379999999999999	2.646	0.909
Watertown-Fort Drum, NY Metro Area 	 43.9747838,-75.9107565	1.722	1.324	8.341	3.359	6.011	2.597	1.256	2.1510000000000002	1.503	3.9370000000000003	1.497	13.216999999999999	7.612	1.256
Weirton-Steubenville, WV-OH Metro Area 	 40.4189566,-80.5895167	1.088	0.882	4.1850000000000005	2.072	3.068	1.924	0.844	1.409	0.958	2.559	0.9430000000000001	66.636	9.903	0.844
Wheeling, WV-OH Metro Area 	 40.0639616,-80.7209149	0.9269999999999999	0.871	3.2680000000000002	1.716	2.331	1.435	0.8400000000000001	1.045	0.915	1.65	0.9359999999999999	52.869	11.525	0.8400000000000001
Winchester, VA-WV Metro Area 	 39.1852184,-78.1652404	1.171	0.893	9.389	2.5799999999999996	6.055	1.9040000000000001	0.864	1.486	1.0399999999999998	3.1670000000000003	0.969	7.198	2.646	0.864
Alexandria, LA Metro Area 	 31.3113,-92.4451	0.441	0.398	0.40099999999999997	0.393	0.44499999999999995	0.382	0.766	0.39599999999999996	0.40299999999999997	0.41800000000000004	0.393	0.462	3.016	0.766
Anniston-Oxford-Jacksonville, AL Metro Area 	 33.695381,-85.8398422788233	0.491	0.428	0.587	0.43600000000000005	0.53	0.495	1.034	0.519	0.417	0.545	0.5509999999999999	0.5770000000000001	4.806	1.034
Bay City, MI Metro Area 	 28.9827565,-95.969402	0.623	0.737	0.448	0.41800000000000004	0.40099999999999997	0.5860000000000001	0.7010000000000001	0.389	0.386	0.742	0.399	0.5730000000000001	21.95	0.7010000000000001
Brunswick, GA Metro Area 	 31.1500,-81.4915	0.417	0.923	0.446	0.432	0.5289999999999999	0.438	0.969	0.40099999999999997	0.428	0.495	0.39	0.501	3.214	0.969
Cape Girardeau, MO-IL Metro Area 	 37.3058839,-89.5181476	0.524	0.8009999999999999	0.434	0.449	0.416	0.496	0.775	0.39599999999999996	0.391	0.583	0.475	0.49299999999999994	2.8040000000000003	0.775
Dalton, GA Metro Area 	 34.7698,-84.9702	0.386	0.7919999999999999	0.419	0.431	0.40299999999999997	0.437	0.8069999999999999	0.417	0.747	0.537	0.733	0.48000000000000004	2.828	0.8069999999999999
Dothan, AL Metro Area 	 31.2232313,-85.3904889	0.41	0.75	0.483	0.431	0.46299999999999997	0.40099999999999997	0.735	0.41100000000000003	0.8400000000000001	0.45399999999999996	0.794	0.434	3.76	0.735
Goldsboro, NC Metro Area 	 35.3848841,-77.9927651	0.429	1.0050000000000001	0.419	0.49	0.467	0.424	0.964	0.421	1.183	0.515	1.107	0.795	3.415	0.964
Hattiesburg, MS Metro Area 	 31.3271189,-89.2903392	0.43	1.087	0.41300000000000003	0.397	0.451	0.399	1.024	0.397	1.371	0.446	1.267	0.531	2.646	1.024
Hinesville, GA Metro Area 	 31.8477298,-81.5960354	0.457	1.317	0.526	0.47300000000000003	0.46	0.46900000000000003	1.284	0.444	1.5430000000000001	0.5640000000000001	1.501	0.8360000000000001	5.347	1.284
Saginaw, MI Metro Area 	 43.4200387,-83.9490365	1.116	1.0790000000000002	0.46900000000000003	1.7129999999999999	0.5339999999999999	1.4369999999999998	1.03	1.682	1.242	2.214	1.189	0.74	18.742	1.03
Sebring, FL Metro Area 	 27.4957453,-81.4410425	1.203	0.88	5.426	1.8370000000000002	3.875	1.428	0.8450000000000001	1.4289999999999998	1.0230000000000001	2.307	0.9610000000000001	0.46299999999999997	3.166	0.8450000000000001
Valdosta, GA Metro Area 	 30.8327022,-83.2784851	1.5479999999999998	1.081	7.3340000000000005	2.8600000000000003	5.668	2.07	1.135	1.746	1.3190000000000002	2.822	1.264	0.57	6.912	1.135
Warner Robins, GA Metro Area 	 32.6209775,-83.5999048	1.9729999999999999	1.26	5.879	2.221	4.282	2.356	1.269	2.5370000000000004	1.363	3.076	1.486	0.7010000000000001	3.112	1.269
Beckley, WV Metro Area 	 37.7781702,-81.1881557	0.41100000000000003	0.679	0.422	0.421	0.435	0.408	0.66	0.46900000000000003	0.412	0.43	0.395	0.438	2.932	0.66
Bend-Redmond, OR Metro Area 	 44.0581728,-121.3153096	0.48500000000000004	1.23	0.535	0.483	0.5	0.46299999999999997	1.189	0.441	0.421	0.437	0.43	0.5339999999999999	8.037	1.189
Coeur d'Alene, ID Metro Area 	 47.6742994,-116.7811531	0.666	1.256	1.059	0.516	0.5469999999999999	0.451	1.219	0.446	0.422	0.479	1.377	0.633	7.125	1.219
Elkhart-Goshen, IN Metro Area 	 41.6819935,-85.9766671	0.47100000000000003	0.929	0.475	0.46900000000000003	0.46599999999999997	0.424	0.9	0.40099999999999997	1.0839999999999999	0.763	1.0219999999999998	0.553	2.646	0.9
Grants Pass, OR Metro Area 	 42.4393707,-123.3272489	0.45899999999999996	0.843	0.447	0.421	0.467	0.431	0.8220000000000001	0.442	0.966	0.437	0.916	0.644	17.31	0.8220000000000001
Harrisonburg, VA Metro Area 	 38.4493315,-78.8688833	0.537	1.269	1.393	0.6890000000000001	1.1	0.48000000000000004	1.204	0.41300000000000003	1.623	0.856	1.4649999999999999	0.841	2.646	1.204
Manhattan, KS Metro Area 	 39.1836082,-96.5716694	1.824	1.2429999999999999	0.596	0.438	0.47300000000000003	0.414	1.186	1.954	1.535	0.479	1.449	1.57	2.9299999999999997	1.186
Pine Bluff, AR Metro Area 	 34.2284312,-92.0031955	0.8270000000000001	0.674	0.399	0.944	0.426	0.8220000000000001	0.653	0.732	0.773	0.4	0.742	0.406	2.7079999999999997	0.653
Bloomington, IN Metro Area 	 39.1670396,-86.5342881	0.5339999999999999	2.0309999999999997	0.462	0.6130000000000001	0.7969999999999999	0.47600000000000003	1.929	0.457	0.447	0.775	0.47100000000000003	0.886	5.914	1.929
Cleveland, TN Metro Area 	 35.1595182,-84.8766115	0.40900000000000003	0.928	0.479	0.39399999999999996	0.46	0.422	0.9219999999999999	0.41300000000000003	0.395	0.39399999999999996	0.91	0.532	5.05	0.9219999999999999
Columbia, MO Metro Area 	 38.951883,-92.3337366	0.754	1.754	0.597	0.51	0.571	0.5680000000000001	1.688	0.422	0.484	0.6819999999999999	2.0140000000000002	0.6859999999999999	11.126999999999999	1.688
Dover, DE Metro Area 	 39.158168,-75.5243682	0.68	1.261	0.584	0.448	0.6849999999999999	0.5479999999999999	1.229	0.42000000000000004	1.5759999999999998	1.123	1.462	1.108	10.761	1.229
Elmira, NY Metro Area 	 42.0897965,-76.8077338	0.395	0.63	0.4	0.388	0.402	0.425	0.608	0.40700000000000003	0.674	0.441	0.652	0.419	2.646	0.608
Glens Falls, NY Metro Area 	 43.309941,-73.644447	0.40299999999999997	0.643	0.397	0.40099999999999997	0.416	0.426	0.741	0.38699999999999996	0.741	0.438	0.6819999999999999	0.439	3.038	0.741
Grand Forks, ND-MN Metro Area 	 47.9078244,-97.0592028	0.47	1.063	0.432	0.40499999999999997	0.419	0.433	1.024	0.414	1.2650000000000001	0.449	1.176	0.51	2.646	1.024
Iowa City, IA Metro Area 	 41.6612561,-91.5299106	1.701	1.575	0.446	0.531	0.565	0.449	1.516	0.414	1.64	0.589	1.518	0.618	2.646	1.516
Ithaca, NY Metro Area 	 42.4396039,-76.4968019	1.418	1.171	0.501	0.424	0.47600000000000003	0.49200000000000005	1.161	0.424	1.2550000000000001	0.484	1.238	0.614	4.545999999999999	1.161
Jackson, MI Metro Area 	 32.2990384,-90.1847691	1.201	1.032	0.424	0.398	0.477	0.45199999999999996	1.026	0.399	1.2260000000000002	0.46	1.117	0.53	2.646	1.026
Jefferson City, MO Metro Area 	 38.577359,-92.1724265	1.375	1.038	0.49299999999999994	0.447	0.435	0.46	0.9990000000000001	0.4	1.173	0.5419999999999999	1.188	0.483	12.184000000000001	0.9990000000000001
Jonesboro, AR Metro Area 	 35.8428646,-90.7034522	1.092	0.8019999999999999	0.448	0.43600000000000005	0.456	0.443	0.772	0.41800000000000004	0.982	0.416	0.897	0.48000000000000004	2.646	0.772
Kingston, NY Metro Area 	 41.9287812,-74.0023702	1.2979999999999998	0.848	0.45199999999999996	0.39399999999999996	0.404	0.417	0.8350000000000001	0.41100000000000003	1.07	0.443	0.992	0.49	8.403	0.8350000000000001
La Crosse-Onalaska, WI-MN Metro Area 	 43.8014053,-91.2395429	1.369	1.004	0.535	0.41800000000000004	0.5559999999999999	0.421	0.972	0.45899999999999996	1.2329999999999999	0.46599999999999997	1.132	0.687	2.867	0.972
Lewiston-Auburn, ME Metro Area 	 44.100351,-70.2147764	0.916	0.716	0.386	0.392	0.41	0.39599999999999996	0.6930000000000001	0.388	0.8270000000000001	0.40700000000000003	0.777	0.426	2.646	0.6930000000000001
Logan, UT-ID Metro Area 	 41.7313447,-111.8348631	1.8619999999999999	1.2429999999999999	0.457	0.486	0.462	0.408	1.1900000000000002	0.428	1.5330000000000001	0.437	1.439	0.62	2.646	1.1900000000000002
Michigan City-La Porte, IN Metro Area 	 41.7075394,-86.8950297	1.177	1.0399999999999998	0.45	0.448	0.464	0.441	0.99	1.495	1.077	0.601	0.9779999999999999	0.623	2.979	0.99
Niles-Benton Harbor, MI Metro Area 	 41.8297694,-86.2541768	1.288	1.012	0.46099999999999997	0.456	0.5289999999999999	2.096	0.968	1.7129999999999999	1.173	0.717	1.098	0.553	2.8379999999999996	0.968
Pittsfield, MA Metro Area 	 42.4500967,-73.2453785	0.861	0.7010000000000001	0.395	1.521	0.40299999999999997	1.186	0.705	1.0410000000000001	0.748	0.53	0.6980000000000001	0.43600000000000005	2.716	0.705
Rapid City, SD Metro Area 	 44.081176,-103.228006	1.2	0.9269999999999999	0.48899999999999993	2.676	0.5609999999999999	1.918	0.902	1.471	1.071	0.467	1.016	0.5609999999999999	2.646	0.902
Sebastian-Vero Beach, FL Metro Area 	 27.816415,-80.4706078	2.186	1.371	8.175	5.2139999999999995	5.941	3.679	1.314	2.902	1.7329999999999999	3.571	1.593	0.531	2.646	1.314
Sumter, SC Metro Area 	 33.9204354,-80.3414693	0.9909999999999999	0.95	3.906	1.668	2.2070000000000003	1.3339999999999999	0.9079999999999999	1.138	0.934	2.0869999999999997	1.03	0.479	3.469	0.9079999999999999
The Villages, FL Metro Area 	 28.9468504,-81.9533443	1.8339999999999999	1.242	9.642	3.139	5.912	3.0820000000000003	1.1969999999999998	2.467	1.5050000000000001	3.473	1.395	0.532	2.646	1.1969999999999998
Yuba City, CA Metro Area 	 39.1404477,-121.6169108	1.6119999999999999	1.1640000000000001	3.5109999999999997	3.3409999999999997	3.0709999999999997	2.453	1.116	1.964	1.349	4.114999999999999	1.359	19.612000000000002	34.499	1.116
Billings, MT Metro Area 	 45.7874957,-108.49607	0.5950000000000001	1.047	0.481	0.43	0.429	0.415	1.0150000000000001	0.464	0.397	0.41300000000000003	0.45	0.5379999999999999	13.249	1.0150000000000001
Carson City, NV Metro Area 	 39.1637984,-119.7674034	0.397	0.782	0.4	0.443	0.48899999999999993	0.406	0.753	0.447	0.39599999999999996	0.44499999999999995	0.389	0.432	2.646	0.753
Farmington, NM Metro Area 	 36.7304288,-108.2089191	0.388	0.63	0.395	0.393	0.395	0.391	0.662	0.406	0.687	0.39	0.653	0.42000000000000004	2.806	0.662
Great Falls, MT Metro Area 	 47.5048851,-111.2918908	0.475	0.7110000000000001	0.434	0.392	0.443	0.398	0.6920000000000001	0.408	0.825	0.42000000000000004	0.762	0.541	6.944999999999999	0.6920000000000001
Kokomo, IN Metro Area 	 40.4864444,-86.1336351	0.8720000000000001	0.662	0.428	0.402	0.421	0.38699999999999996	0.639	0.388	0.761	0.431	0.723	0.434	2.646	0.639
Missoula, MT Metro Area 	 46.8700801,-113.9952796	1.107	0.945	0.526	0.435	0.47	0.41800000000000004	0.9219999999999999	1.258	1.0959999999999999	0.465	1.009	0.491	12.213	0.9219999999999999
Mount Vernon-Anacortes, WA Metro Area 	 48.4200462,-122.32642	1.399	1.052	0.637	0.483	0.6489999999999999	0.416	1.013	1.754	1.181	0.442	1.082	0.626	2.716	1.013
Napa, CA Metro Area 	 38.2975,-122.2869	1.327	0.948	0.441	0.417	0.847	0.41100000000000003	0.91	1.653	1.16	0.46799999999999997	1.073	0.49200000000000005	2.716	0.91
New Bern, NC Metro Area 	 35.1084931,-77.0441143	1.866	1.403	0.594	0.553	0.5630000000000001	0.44499999999999995	1.342	2.149	1.829	0.593	1.653	1.044	7.4159999999999995	1.342
Pueblo, CO Metro Area 	 38.187635,-104.5350145	0.987	1.075	0.419	1.304	0.43	1.224	1.0230000000000001	1.011	1.093	0.433	1.26	0.49799999999999994	2.798	1.0230000000000001
Racine, WI Metro Area 	 42.7260523,-87.7825242	1.173	0.9740000000000001	0.458	1.158	0.45	1.021	0.9309999999999999	1.449	1.014	0.402	0.921	0.475	2.646	0.9309999999999999
Santa Fe, NM Metro Area 	 35.6869996,-105.9377997	1.0959999999999999	0.923	0.449	1.81	2.991	1.443	1.0250000000000001	1.227	1.0219999999999998	2.0170000000000003	1.008	0.494	3.193	1.0250000000000001
Hammond, LA Metro Area 	 41.5833658,-87.500043	0.464	1.268	0.39599999999999996	0.392	0.419	0.393	1.2049999999999998	0.419	1.3940000000000001	0.458	1.264	0.575	2.879	1.2049999999999998
Johnson City, TN Metro Area 	 36.3134398,-82.3534728	2.084	1.292	0.441	0.415	0.671	0.491	1.2489999999999999	0.41	1.648	0.472	1.484	0.587	2.742	1.2489999999999999
Pocatello, ID Metro Area 	 42.8688613,-112.4401098	0.9129999999999999	0.875	0.415	1.339	0.40900000000000003	1.1199999999999999	0.847	0.985	0.9079999999999999	0.398	0.864	0.49200000000000005	2.646	0.847
Casper, WY Metro Area 	 38.3067052,-122.3465718	0.448	0.712	0.40299999999999997	0.432	0.433	0.415	0.695	0.399	0.391	0.423	0.43600000000000005	0.437	4.924	0.695
Chambersburg-Waynesboro, PA Metro Area 	 39.9405903,-77.6598624	0.47800000000000004	1.046	0.622	0.406	0.5730000000000001	0.434	1.001	0.46	0.435	0.49700000000000005	0.49200000000000005	0.919	6.436	1.001
East Stroudsburg, PA Metro Area 	 40.9995386,-75.1812913	0.429	0.867	0.605	0.496	0.525	0.431	0.93	0.48000000000000004	1.072	0.5820000000000001	0.9810000000000001	0.68	7.151	0.93
Elizabethtown-Fort Knox, KY Metro Area 	 37.693952,-85.8591285	0.423	1.503	0.554	0.432	0.472	0.451	1.432	0.44499999999999995	1.943	0.435	1.7910000000000001	0.982	4.524	1.432
Gettysburg, PA Metro Area 	 39.8309399,-77.2310908	0.425	0.8140000000000001	0.48500000000000004	0.414	0.49200000000000005	0.41100000000000003	0.789	0.388	0.885	0.43	0.8310000000000001	2.625	5.382	0.789
Hanford-Corcoran, CA Metro Area 	 36.3274502,-119.6456844	0.47800000000000004	1.571	0.47800000000000004	0.45399999999999996	0.71	0.619	1.4909999999999999	0.575	1.8359999999999999	0.558	1.65	0.712	5.032	1.4909999999999999
Morristown, TN Metro Area 	 36.2139814,-83.2948923	1.4760000000000002	0.982	0.42000000000000004	0.393	0.462	0.416	0.972	1.209	1.1820000000000002	0.40499999999999997	1.09	0.717	3.843	0.972
Ocean City, NJ Metro Area 	 39.2776156,-74.5746001	0.9179999999999999	0.709	0.503	0.43	0.423	1.258	0.6849999999999999	1.117	0.798	0.451	0.742	0.45	2.646	0.6849999999999999
Staunton-Waynesboro, VA Metro Area 	 38.1496,-79.0717	1.078	0.8809999999999999	6.5649999999999995	2.383	4.435	1.676	0.856	1.314	1.0510000000000002	2.3739999999999997	0.959	0.703	4.991	0.856
Williamsport, PA Metro Area 	 41.2493292,-77.0027671	0.91	0.745	2.666	1.468	2.1310000000000002	1.15	0.733	1.064	0.871	1.485	0.8099999999999999	10.635	14.702	0.733
Abilene, TX Metro Area 	 32.4466741,-99.7333011	0.474	0.525	0.507	0.423	0.713	0.515	1.5230000000000001	0.565	0.512	0.532	0.5339999999999999	0.837	5.665	1.5230000000000001
Fond du Lac, WI Metro Area 	 43.7748763,-88.4458033	0.434	0.725	0.484	0.391	0.499	0.395	0.705	0.429	0.828	0.40900000000000003	0.785	0.553	2.679	0.705
Grand Junction, CO Metro Area 	 39.063956,-108.5507317	0.412	1.174	0.508	0.444	0.46	0.432	1.109	0.45899999999999996	1.428	0.437	1.3190000000000002	0.501	2.891	1.109
Madera, CA Metro Area 	 37.1716264,-119.7737991	1.287	1.052	0.439	0.40299999999999997	0.574	0.46299999999999997	1.019	1.317	1.276	0.447	1.156	0.501	2.716	1.019
Owensboro, KY Metro Area 	 37.7742152,-87.1133304	0.778	0.6489999999999999	0.398	0.416	0.421	0.824	0.631	0.772	0.74	0.41100000000000003	0.7	0.442	6.112	0.631
St. Cloud, MN Metro Area 	 45.5616075,-94.1642004	2.624	1.627	0.49200000000000005	2.4810000000000003	0.5770000000000001	1.694	1.5479999999999998	3.589	2.1359999999999997	3.0109999999999997	1.9200000000000002	0.721	2.8960000000000004	1.5479999999999998
Danville, IL Metro Area 	 40.125222,-87.6304614	0.392	0.63	0.399	0.425	0.467	0.388	0.614	0.391	0.63	0.44499999999999995	0.599	0.447	2.646	0.614
Dubuque, IA Metro Area 	 42.5006217,-90.6647967	0.4	0.782	0.416	0.423	0.404	0.38499999999999995	0.754	0.39	0.7969999999999999	0.44499999999999995	0.756	0.421	2.646	0.754
Eau Claire, WI Metro Area 	 44.811349,-91.4984941	0.5429999999999999	0.957	0.6	0.40099999999999997	0.5770000000000001	0.39	0.928	0.449	1.167	0.457	1.08	0.9380000000000001	2.646	0.928
Oshkosh-Neenah, WI Metro Area 	 44.0206919,-88.5408574	1.3760000000000001	1.209	0.629	0.43600000000000005	0.804	1.824	1.385	1.6980000000000002	1.408	0.528	1.331	0.666	2.7030000000000003	1.385
Sioux City, IA-NE-SD Metro Area 	 42.4966815,-96.4058782	1.1280000000000001	0.8260000000000001	5.889	1.9989999999999999	3.504	1.71	0.815	1.3010000000000002	0.998	2.819	0.923	0.503	2.646	0.815
Waterloo-Cedar Falls, IA Metro Area 	 42.4979693,-92.3329637	1.052	1.0219999999999998	3.319	1.668	2.385	1.219	1.0219999999999998	1.0970000000000002	1.1019999999999999	2.133	1.048	7.589	9.790999999999999	1.0219999999999998
Wausau, WI Metro Area 	 44.9596017,-89.6298239	0.825	0.694	1.555	1.085	1.173	0.9940000000000001	0.6759999999999999	0.9179999999999999	0.78	1.153	0.723	7.18	11.857	0.6759999999999999
Albany, GA Metro Area 	 31.5785,-84.1557	0.402	0.42700000000000005	0.437	0.41800000000000004	0.509	0.424	0.976	0.422	0.46	0.483	0.393	0.49799999999999994	3.2529999999999997	0.976
Bangor, ME Metro Area 	 44.8016,-68.7712	0.494	0.884	0.423	0.438	0.40099999999999997	0.408	0.859	0.43	0.483	0.442	0.391	0.467	4.8950000000000005	0.859
El Centro, CA Metro Area 	 32.7920,-115.5631	0.404	0.888	0.421	0.442	0.46299999999999997	0.412	0.8540000000000001	0.494	1.107	0.515	1.0050000000000001	0.714	3.2079999999999997	0.8540000000000001
Greenville, NC Metro Area 	 35.612661,-77.3663538	0.597	1.747	0.519	0.6769999999999999	0.541	0.453	1.666	0.566	2.054	1.0219999999999998	1.8699999999999999	1.6	9.206000000000001	1.666
Idaho Falls, ID Metro Area 	 43.4935245,-112.0400919	1.124	0.897	0.48000000000000004	0.456	0.444	0.40700000000000003	0.871	0.41100000000000003	0.985	0.402	0.9179999999999999	0.598	2.786	0.871
Janesville-Beloit, WI Metro Area 	 42.6829765,-89.0226793	1.307	0.949	0.448	0.41	0.481	0.40700000000000003	0.92	0.414	1.113	0.431	1.021	0.5599999999999999	2.646	0.92
Lewiston, ID-WA Metro Area 	 46.4165506,-117.0176569	0.712	0.6130000000000001	0.537	0.40299999999999997	0.415	0.391	0.598	0.40299999999999997	0.637	0.395	0.633	0.408	2.862	0.598
Rome, GA Metro Area 	 34.257038,-85.1646726	0.787	0.643	0.404	1.32	0.48000000000000004	0.9420000000000001	0.789	0.9179999999999999	0.714	1.2830000000000001	0.696	0.447	2.646	0.789
Ames, IA Metro Area 	 42.0267703,-93.6170554	0.438	0.458	0.448	0.5109999999999999	0.5810000000000001	0.47	1.365	0.431	0.472	0.565	0.444	0.5720000000000001	2.646	1.365
Battle Creek, MI Metro Area 	 42.3192548,-85.1824269	0.569	1.113	0.426	0.432	0.488	0.40299999999999997	1.063	0.392	0.42700000000000005	0.488	0.415	0.619	5.394	1.063
Burlington, NC Metro Area 	 36.0956918,-79.4377991	0.4	1.22	0.419	0.40900000000000003	0.43600000000000005	0.41800000000000004	1.161	0.39599999999999996	0.433	0.441	0.41100000000000003	0.971	2.716	1.161
Kankakee, IL Metro Area 	 41.1200325,-87.8611531	0.637	0.707	0.386	0.388	0.389	0.388	0.684	0.383	0.596	0.392	0.583	0.435	2.646	0.684
Muskegon, MI Metro Area 	 43.2341813,-86.2483921	0.9520000000000001	1.013	0.41300000000000003	0.391	0.404	0.40499999999999997	0.962	0.9909999999999999	1.317	0.45	1.1969999999999998	0.483	2.646	0.962
Bowling Green, KY Metro Area 	 36.9903199,-86.4436018	0.437	1.332	0.501	0.421	0.554	0.5289999999999999	1.286	0.554	0.505	0.495	0.40700000000000003	0.684	7.482	1.286
Daphne-Fairhope-Foley, AL Metro Area 	 30.6035255,-87.9036047	0.438	1.361	0.508	0.465	0.47	0.477	1.321	0.477	1.546	0.48000000000000004	1.4009999999999998	0.587	4.244000000000001	1.321
Decatur, AL Metro Area 	 40.855019,-78.269096	0.46599999999999997	1.004	0.521	0.417	0.472	0.46099999999999997	0.9650000000000001	0.46299999999999997	1.1789999999999998	0.549	1.0510000000000002	0.5339999999999999	20.27	0.9650000000000001
Gadsden, AL Metro Area 	 33.565356,-86.783621	0.398	0.6859999999999999	0.46799999999999997	0.44	0.399	0.38699999999999996	0.728	0.438	0.6679999999999999	0.448	0.641	0.47300000000000003	2.646	0.728
Rocky Mount, NC Metro Area 	 35.9423833,-77.7956949	0.9970000000000001	0.838	0.444	2.1380000000000003	0.40700000000000003	1.568	0.837	1.234	0.9959999999999999	1.9849999999999999	0.92	0.553	2.646	0.837
Columbus, IN Metro Area 	 39.730727,-82.604837	0.40499999999999997	0.757	0.40700000000000003	0.406	0.42700000000000005	0.391	0.732	0.41300000000000003	0.395	0.49200000000000005	0.82	0.554	3.033	0.732
Hot Springs, AR Metro Area 	 34.5037,-93.0552	0.422	0.896	0.465	0.49	0.5519999999999999	0.45899999999999996	0.875	0.46799999999999997	1.006	0.46599999999999997	0.993	0.467	3.0829999999999997	0.875
Jackson, TN Metro Area 	 35.6144446,-88.8177418	1.227	0.8809999999999999	0.404	0.39599999999999996	0.423	0.389	0.821	0.442	1.06	0.428	1.009	0.483	3.706	0.821
Kahului-Wailuku-Lahaina, HI Metro Area 	 20.8894101,-156.4727118	1.239	0.891	0.5609999999999999	0.435	0.506	0.40099999999999997	0.86	0.423	1.05	0.43	0.9779999999999999	0.482	3.0959999999999996	0.86
Wenatchee, WA Metro Area 	 47.4234599,-120.3103494	0.9790000000000001	0.764	3.4250000000000003	1.952	4.706	1.415	0.741	1.194	0.857	2.6710000000000003	0.8009999999999999	13.322000000000001	8.68	0.741
Cumberland, MD-WV Metro Area 	 39.6528509,-78.7624714	0.419	0.721	0.6489999999999999	0.397	0.602	0.4	0.696	0.417	0.39399999999999996	0.416	0.727	0.687	2.646	0.696
St. George, UT Metro Area 	 37.104153,-113.5841313	2.277	1.453	0.47300000000000003	4.079	0.446	3.333	1.4009999999999998	2.56	1.908	4.5409999999999995	1.734	0.8809999999999999	2.646	1.4009999999999998
St. Joseph, MO-KS Metro Area 	 39.7686055,-94.8466322	1.6119999999999999	1.027	0.48000000000000004	2.0500000000000003	0.439	1.482	0.987	1.238	1.356	2.655	1.2069999999999999	0.481	5.842	0.987
