Location	Coordinates	pr_drop_LosAnge	pr_drop_Dallas	pr_drop_Chicago	pr_drop_Riversi	pr_drop_Outside	pr_drop_Phoenix	pr_drop_group	pr_drop_NewYork	pr_drop_Atlanta	pr_drop_Washing	pr_drop_Houston	pr_drop_Seattle	pr_drop_SanFran	pr_drop_pr
Albuquerque, NM Metro Area 	 35.0841034,-106.6509851	0.578	0.5569999999999999	0.446	0.728	3.059	0.8109999999999999	1.262	0.674	0.5109999999999999	1.113	0.536	0.8260000000000001	1.02	3.059
Allentown-Bethlehem-Easton, PA-NJ Metro Area 	 40.6022059,-75.4712794	0.6589999999999999	0.526	0.64	0.9510000000000001	2.502	0.597	1.262	0.731	0.525	1.078	0.486	0.925	0.957	2.502
Amarillo, TX Metro Area 	 35.2072185,-101.8338246	0.462	0.502	0.462	0.448	1.15	0.404	1.262	0.507	0.45899999999999996	0.503	0.444	0.516	0.599	1.15
Anchorage, AK Metro Area 	 61.1758781,-149.1107333	0.5339999999999999	0.47	0.456	0.585	1.915	0.531	1.262	0.46599999999999997	0.51	0.652	0.508	0.6819999999999999	0.7739999999999999	1.915
Atlanta-Sandy Springs-Roswell, GA Metro Area 	 33.7490987,-84.3901849	2.262	1.734	1.082	4.235	17.451999999999998	2.615	1.262	2.4	0.378	6.683	1.554	2.6670000000000003	3.8890000000000002	17.451999999999998
Austin-Round Rock, TX Metro Area 	 30.2711286,-97.7436995	1.189	1.5150000000000001	1.009	1.518	10.762	0.971	1.262	1.251	11.401	3.328	1.545	1.807	2.6029999999999998	10.762
Bakersfield, CA Metro Area 	 35.3738712,-119.0194639	1.019	0.483	0.46799999999999997	0.809	3.276	0.583	1.262	0.8140000000000001	3.468	1.371	0.699	0.553	1.192	3.276
Baltimore-Columbia-Towson, MD Metro Area 	 39.2908816,-76.610759	1.02	0.784	0.839	2.301	7.39	0.992	1.262	1.413	7.808	5.882	1.236	2.656	2.544	7.39
Baton Rouge, LA Metro Area 	 30.4459596,-91.18738	0.7060000000000001	0.593	0.472	0.778	3.404	0.5670000000000001	1.262	0.477	3.568	1.204	0.763	0.756	0.8220000000000001	3.404
Beaumont-Port Arthur, TX Metro Area 	 30.0860459,-94.1018461	0.47	0.635	0.48500000000000004	0.499	2.006	0.521	1.262	0.526	2.075	0.695	0.569	0.524	0.7150000000000001	2.006
Birmingham-Hoover, AL Metro Area 	 33.570499,-86.765783	0.753	0.741	0.829	1.173	4.2459999999999996	1.471	1.262	0.6980000000000001	4.314	1.64	0.708	2.848	1.1	4.2459999999999996
Boise City, ID Metro Area 	 43.60081625,-116.242110153775	0.623	0.458	0.505	0.598	2.7279999999999998	0.737	1.262	0.5339999999999999	2.843	0.9859999999999999	0.9079999999999999	0.9039999999999999	0.8220000000000001	2.7279999999999998
Boston-Cambridge-Newton, MA-NH Metro Area 	 42.3602534,-71.0582912	1.098	0.944	0.661	2.6809999999999996	10.843	1.191	1.262	1.638	11.396999999999998	9.15	1.006	1.346	1.804	10.843
Brownsville-Harlingen, TX Metro Area 	 25.9140256,-97.4890856	0.41800000000000004	0.45	0.4	0.48700000000000004	1.077	0.404	1.262	0.422	1.1280000000000001	0.49299999999999994	0.49	0.408	0.446	1.077
Buffalo-Cheektowaga-Niagara Falls, NY Metro Area 	 42.8867166,-78.8783922	0.46799999999999997	0.47100000000000003	0.46099999999999997	0.631	2.089	0.48700000000000004	1.262	0.731	2.1580000000000004	0.8630000000000001	0.472	0.588	0.5760000000000001	2.089
Charleston-North Charleston, SC Metro Area 	 32.7876012,-79.9402728	0.609	0.7789999999999999	0.482	0.9890000000000001	4.0889999999999995	0.644	1.262	0.624	4.231999999999999	2.058	0.6759999999999999	1.087	1.289	4.0889999999999995
Charlotte-Concord-Gastonia, NC-SC Metro Area 	 35.2270869,-80.8431268	0.851	0.893	0.9990000000000001	1.7630000000000001	8.857000000000001	1.1119999999999999	1.262	0.995	9.159	6.898	0.954	1.596	1.712	8.857000000000001
Cheyenne, WY Metro Area 	 41.1400,-104.8202	0.426	0.4	0.40499999999999997	0.41300000000000003	0.853	0.40900000000000003	1.2979999999999998	0.44499999999999995	0.885	0.447	0.448	0.433	0.477	0.853
Chicago-Naperville-Elgin, IL-IN-WI Metro Area 	 41.8755616,-87.6244212	1.395	1.4469999999999998	0.378	2.786	15.976	1.785	1.262	1.503	16.628	6.096	2.034	2.709	2.854	15.976
Cleveland-Elyria, OH Metro Area 	 41.5051613,-81.6934446	0.632	0.607	4.534	0.9990000000000001	4.2490000000000006	0.666	1.262	0.5910000000000001	4.022	1.348	0.766	1.108	1.218	4.2490000000000006
College Station-Bryan, TX Metro Area 	 30.6253463,-96.3271538	0.49700000000000005	0.723	3.7880000000000003	0.683	3.108	0.467	1.262	0.642	3.318	0.846	0.67	0.846	0.9940000000000001	3.108
Colorado Springs, CO Metro Area 	 38.8339578,-104.8253485	0.767	0.646	6.856	0.957	5.35	0.819	1.262	1.0	5.7010000000000005	2.283	0.7699999999999999	1.062	1.089	5.35
Columbia, SC Metro Area 	 34.0007493,-81.0343313	0.829	0.92	5.335	1.361	4.969	0.69	1.262	0.6679999999999999	5.241	1.882	0.7829999999999999	1.655	1.7910000000000001	4.969
Corpus Christi, TX Metro Area 	 27.8002542,-97.3955744	0.603	0.615	3.1679999999999997	0.719	2.634	0.512	1.262	0.637	2.806	0.844	0.6880000000000001	0.6449999999999999	0.843	2.634
Dallas-Fort Worth-Arlington, TX Metro Area 	 32.7762719,-96.7968559	2.191	0.378	23.519000000000002	2.664	19.691	1.706	1.262	2.908	20.525000000000002	7.821	2.386	4.396	6.669	19.691
Dayton, OH Metro Area 	 39.7589478,-84.1916069	0.531	3.328	4.212	1.11	3.37	0.5469999999999999	1.262	0.553	3.539	0.9940000000000001	0.644	0.782	1.296	3.37
Denver-Aurora-Lakewood, CO Metro Area 	 39.7348381,-104.9653271	1.132	13.374	13.351	1.4580000000000002	11.733	1.196	1.262	1.264	12.363000000000001	3.6180000000000003	1.1340000000000001	1.504	1.806	11.733
Detroit-Warren-Dearborn, MI Metro Area 	 42.3315509,-83.0466403	0.959	8.748000000000001	8.032	1.377	7.118	0.773	1.262	1.0510000000000002	6.834	2.771	1.461	1.142	1.141	7.118
El Paso, TX Metro Area 	 31.7600372,-106.487287	0.882	4.383	4.005	0.737	3.194	0.6579999999999999	1.262	0.75	3.401	1.521	0.5609999999999999	0.856	0.766	3.194
Fairbanks, AK Metro Area 	 64.837845,-147.716675	0.42700000000000005	1.277	1.292	0.433	1.1329999999999998	0.465	3.2560000000000002	0.41800000000000004	1.158	0.5599999999999999	0.40499999999999997	0.47800000000000004	0.474	1.1329999999999998
Fayetteville, NC Metro Area 	 35.0525759,-78.878292	0.598	3.448	3.397	0.823	2.828	0.633	1.262	0.536	3.006	1.431	0.626	0.865	0.777	2.828
Flagstaff, AZ Metro Area 	 35.199458,-111.6514259	0.526	2.184	1.975	0.48899999999999993	1.585	0.6759999999999999	5.741	0.46599999999999997	1.667	0.8099999999999999	0.437	0.5419999999999999	0.49200000000000005	1.585
Fresno, CA Metro Area 	 36.7295295,-119.708861260756	0.8130000000000001	4.054	3.636	0.7829999999999999	3.058	0.515	1.262	1.14	3.2169999999999996	1.589	1.113	0.662	1.526	3.058
Gainesville, GA Metro Area 	 34.2978794,-83.8240663	0.44	1.013	0.969	0.502	1.289	0.444	2.183	0.441	0.9219999999999999	0.5900000000000001	0.42700000000000005	0.464	0.448	1.289
Grand Rapids-Wyoming, MI Metro Area 	 42.9142413,-85.533004	0.517	4.498	4.095	0.843	3.32	0.5609999999999999	1.262	0.6449999999999999	3.5260000000000002	1.194	1.143	0.602	0.987	3.32
Gulfport-Biloxi-Pascagoula, MS Metro Area 	 30.3674198,-89.0928155	0.58	2.964	2.782	0.71	2.1940000000000004	0.5670000000000001	1.262	0.501	2.316	0.803	0.524	0.7020000000000001	0.7060000000000001	2.1940000000000004
Hilton Head Island-Bluffton-Beaufort, SC Metro Area 	 32.1618488,-80.7512616	0.48899999999999993	2.29	2.1710000000000003	0.614	1.882	0.495	8.546	0.46900000000000003	1.9449999999999998	1.1440000000000001	0.48000000000000004	0.554	0.642	1.882
Houston-The Woodlands-Sugar Land, TX Metro Area 	 29.7589382,-95.3676974	1.509	19.48	20.262	2.434	17.526	1.556	1.262	1.812	18.588	6.301	0.378	3.408	3.9690000000000003	17.526
Indianapolis-Carmel-Anderson, IN Metro Area 	 39.7683331,-86.1583502	0.7290000000000001	7.215	6.944	2.327	5.982	1.4289999999999998	1.262	0.894	6.333	2.4499999999999997	8.136	1.099	2.6879999999999997	5.982
Jacksonville, FL Metro Area 	 30.3321838,-81.655651	0.8310000000000001	8.687999999999999	7.9399999999999995	1.302	6.433999999999999	0.8140000000000001	1.262	0.8490000000000001	6.684	2.21	10.315	1.625	1.549	6.433999999999999
Jacksonville, NC Metro Area 	 34.7494749,-77.4208221	0.565	3.092	2.8579999999999997	0.9940000000000001	2.285	0.575	11.239	0.535	2.408	2.248	3.661	0.725	0.717	2.285
Joplin, MO Metro Area 	 37.08418,-94.51323	0.421	1.168	1.057	0.446	0.909	0.431	1.441	0.429	0.934	0.48700000000000004	1.157	0.501	0.441	0.909
Kansas City, MO-KS Metro Area 	 39.100105,-94.5781416	0.705	8.678999999999998	8.047	2.2729999999999997	6.378	1.091	1.262	1.221	6.706	4.001	10.001	1.9780000000000002	1.471	6.378
Killeen-Temple, TX Metro Area 	 31.1171441,-97.727796	0.683	4.878	4.831	0.893	3.993	0.749	1.262	0.7290000000000001	4.276000000000001	2.564	5.369	1.186	1.374	3.993
Knoxville, TN Metro Area 	 35.9603948,-83.9210261	0.5609999999999999	3.9960000000000004	3.712	0.714	3.233	0.58	1.262	0.5429999999999999	3.327	1.188	4.994	0.762	0.933	3.233
Lake Charles, LA Metro Area 	 30.2265949,-93.2173759	0.40099999999999997	1.3619999999999999	1.209	0.447	1.183	0.415	1.262	0.39399999999999996	1.224	0.506	1.3840000000000001	0.428	0.47600000000000003	1.183
Las Cruces, NM Metro Area 	 32.3140354,-106.7798078	0.472	1.5050000000000001	1.331	0.479	1.145	0.449	1.262	0.421	1.13	0.5730000000000001	1.309	0.541	0.519	1.145
Las Vegas-Henderson-Paradise, NV Metro Area 	 36.1662859,-115.149225	1.36	11.025	9.927	1.3159999999999998	7.952000000000001	1.2229999999999999	1.262	1.046	8.369	2.675	13.315999999999999	1.4749999999999999	1.85	7.952000000000001
Lawrence, KS Metro Area 	 38.9719384,-95.2359496	0.41300000000000003	1.804	1.647	0.47600000000000003	1.351	0.428	4.473999999999999	0.416	1.42	1.3619999999999999	2.213	0.559	0.47600000000000003	1.351
Lawton, OK Metro Area 	 34.6086854,-98.3903305	0.49299999999999994	2.076	2.062	0.609	1.689	0.44	2.6830000000000003	0.462	1.785	0.973	2.46	0.575	0.762	1.689
Little Rock-North Little Rock-Conway, AR Metro Area 	 34.7464809,-92.2895948	0.684	3.328	3.048	0.664	2.494	0.868	1.262	0.8099999999999999	2.584	1.121	3.318	0.785	1.06	2.494
Longview, TX Metro Area 	 32.5007038,-94.7404891	0.415	1.706	1.831	0.433	1.5330000000000001	0.428	1.262	0.74	1.6119999999999999	0.541	1.85	0.559	1.282	1.5330000000000001
Los Angeles-Long Beach-Anaheim, CA Metro Area 	 34.0536909,-118.2427666	0.378	29.874000000000002	26.588	3.6830000000000003	21.238	2.715	1.262	1.9989999999999999	22.471999999999998	5.7330000000000005	37.458999999999996	2.4229999999999996	5.361000000000001	21.238
Lubbock, TX Metro Area 	 33.5778631,-101.8551665	3.006	2.494	2.8600000000000003	0.608	2.4589999999999996	0.44	1.262	0.579	2.521	0.7969999999999999	2.695	0.61	0.815	2.4589999999999996
Lynchburg, VA Metro Area 	 37.40088,-79.1844923945909	3.029	1.954	1.788	1.209	1.563	0.531	1.262	0.474	1.6219999999999999	1.027	2.3289999999999997	0.6920000000000001	0.661	1.563
McAllen-Edinburg-Mission, TX Metro Area 	 26.2043691,-98.230082	2.211	1.9880000000000002	1.887	0.479	1.7080000000000002	0.458	1.262	0.44499999999999995	1.807	0.678	1.877	0.593	0.608	1.7080000000000002
Memphis, TN-MS-AR Metro Area 	 35.1490215,-90.0516285	5.6129999999999995	4.447	4.046	0.777	3.454	0.755	1.262	0.664	3.57	1.381	5.267	0.9560000000000001	0.882	3.454
Miami-Fort Lauderdale-West Palm Beach, FL Metro Area 	 25.7742658,-80.1936589	27.858999999999998	16.730999999999998	15.212	2.306	12.540000000000001	1.0510000000000002	1.262	1.6620000000000001	12.992999999999999	4.575	21.052999999999997	2.1029999999999998	2.5500000000000003	12.540000000000001
Midland, TX Metro Area 	 31.9973662,-102.0779482	2.311	2.04	1.885	0.605	1.532	0.435	4.555	0.728	1.6260000000000001	0.621	2.464	0.5730000000000001	0.728	1.532
Minneapolis-St. Paul-Bloomington, MN-WI Metro Area 	 44.9772995,-93.2654692	15.073	11.099	10.167	1.428	8.494	1.2979999999999998	1.262	1.0399999999999998	8.791	3.872	11.687	1.6509999999999998	2.157	8.494
Monroe, LA Metro Area 	 38.2722313,-90.1792484	1.562	1.092	1.06	0.41800000000000004	0.9269999999999999	0.417	1.4289999999999998	0.412	0.9520000000000001	0.514	1.236	0.429	0.416	0.9269999999999999
New York-Newark-Jersey City, NY-NJ-PA Metro Area 	 40.7127281,-74.0060152	39.254	25.11	22.964	3.646	20.497	1.9919999999999998	1.262	0.378	20.776	8.156	30.942999999999998	4.0169999999999995	3.8089999999999997	20.497
Ocala, FL Metro Area 	 29.1924213,-82.1352047	4.957	3.191	2.895	1.092	2.3440000000000003	0.808	1.262	6.420999999999999	2.511	0.9940000000000001	3.785	1.774	1.332	2.3440000000000003
Odessa, TX Metro Area 	 31.8457149,-102.367687	1.891	1.8010000000000002	1.5790000000000002	0.66	1.345	0.451	4.477	1.786	1.4120000000000001	0.621	2.1359999999999997	0.592	0.739	1.345
Oklahoma City, OK Metro Area 	 35.4729886,-97.5170536	8.286999999999999	5.708	5.738	0.915	4.497	0.615	1.262	10.539	4.737	2.4090000000000003	6.763	1.486	1.393	4.497
Omaha-Council Bluffs, NE-IA Metro Area 	 41.2587317,-95.9378732	4.356999999999999	3.9579999999999997	3.6519999999999997	0.8720000000000001	2.983	0.558	1.262	5.365	3.1069999999999998	1.494	4.4559999999999995	1.008	1.373	2.983
Orlando-Kissimmee-Sanford, FL Metro Area 	 28.5479786,-81.4127841856302	23.738	15.517	14.137	1.8860000000000001	10.873000000000001	1.267	1.262	26.523	11.608	3.525	19.098	2.287	2.605	10.873000000000001
Oxnard-Thousand Oaks-Ventura, CA Metro Area 	 34.1976308,-119.1803818	4.388999999999999	3.7390000000000003	3.366	0.79	2.7720000000000002	0.5419999999999999	1.262	5.957	2.931	0.858	4.639	0.574	1.138	2.7720000000000002
Palm Bay-Melbourne-Titusville, FL Metro Area 	 28.0331886,-80.6429695	6.298	4.1209999999999996	3.734	0.923	2.974	0.484	1.262	7.798	3.1580000000000004	1.189	4.791	0.828	0.745	2.974
Panama City, FL Metro Area 	 30.165156,-85.6605595	2.685	2.068	1.952	0.5810000000000001	1.64	0.45199999999999996	2.264	3.3019999999999996	1.702	0.679	2.25	0.5199999999999999	0.599	1.64
Pensacola-Ferry Pass-Brent, FL Metro Area 	 30.421309,-87.2169149	6.125	4.556	4.4879999999999995	0.856	3.653	0.5630000000000001	1.262	7.751	3.771	1.369	5.265	0.868	0.902	3.653
Phoenix-Mesa-Scottsdale, AZ Metro Area 	 33.4485866,-112.0773456	29.47	21.371000000000002	19.424	2.322	15.620000000000001	0.378	1.262	37.811	16.471	7.369	24.653000000000002	3.371	3.423	15.620000000000001
Portland-Vancouver-Hillsboro, OR-WA Metro Area 	 45.5202471,-122.6741949	17.238	12.043999999999999	11.286	1.639	9.407	27.727999999999998	1.262	22.107000000000003	9.734	3.649	13.94	2.487	2.478	9.407
Prescott, AZ Metro Area 	 34.5399962,-112.4687616	3.732	2.502	2.245	0.496	1.802	3.612	1.262	5.047000000000001	1.891	0.9359999999999999	2.932	0.5289999999999999	0.5199999999999999	1.802
Providence-Warwick, RI-MA Metro Area 	 41.8240,-71.4128	6.392	3.9110000000000005	3.552	0.862	3.767	8.770999999999999	1.262	7.155	3.9760000000000004	2.605	4.848	0.5860000000000001	0.712	3.767
Raleigh, NC Metro Area 	 35.7803977,-78.6390989	8.538	7.211	6.577	1.681	5.764	13.555	1.262	10.623000000000001	6.011	4.909	6.726	0.973	1.078	5.764
Redding, CA Metro Area 	 40.5863563,-122.3916754	1.818	1.266	1.21	0.47800000000000004	1.0690000000000002	3.0109999999999997	23.392	2.397	1.1039999999999999	0.6489999999999999	1.477	0.449	0.6849999999999999	1.0690000000000002
Reno, NV Metro Area 	 39.52927,-119.8136744	3.887	2.9619999999999997	2.673	0.673	2.287	7.311	1.262	5.223	2.381	1.279	3.644	0.661	0.929	2.287
Riverside-San Bernardino-Ontario, CA Metro Area 	 33.9806, -117.3755	18.249000000000002	19.464	17.238	0.378	13.225000000000001	31.07	1.262	24.788	14.075000000000001	5.0920000000000005	24.489	1.7440000000000002	2.96	13.225000000000001
Sacramento--Roseville--Arden-Arcade, CA Metro Area 	 38.5815719,-121.4943996	15.737000000000002	10.235	9.188	36.55	7.308	29.364	1.262	21.678	7.666	7.805999999999999	12.645	1.544	5.131	7.308
St. Louis, MO-IL Metro Area 	 38.6268039,-90.1994097	10.529	7.2700000000000005	6.922000000000001	21.024	5.917000000000001	17.535999999999998	1.262	12.618	6.183	2.775	8.579	1.2830000000000001	1.2069999999999999	5.917000000000001
Salt Lake City, UT Metro Area 	 40.7670126,-111.8904308	10.189	6.545999999999999	5.927	12.581	4.7749999999999995	14.93	1.262	13.783999999999999	4.984	1.883	7.981	0.852	0.954	4.7749999999999995
San Angelo, TX Metro Area 	 31.4648357,-100.4398442	1.8519999999999999	1.479	1.4929999999999999	3.337	1.325	2.828	2.557	2.161	1.349	0.579	1.692	0.502	0.5419999999999999	1.325
San Antonio-New Braunfels, TX Metro Area 	 29.4246002,-98.4951405	13.254999999999999	10.709	10.958	25.285	9.306999999999999	20.812	1.262	15.086	9.902	3.3400000000000003	11.360999999999999	1.97	2.1020000000000003	9.306999999999999
San Diego-Carlsbad, CA Metro Area 	 32.7174209,-117.1627714	19.171	14.212000000000002	12.793000000000001	33.836999999999996	10.173	33.286	1.262	26.615	10.764	3.0260000000000002	17.192	1.766	2.606	10.173
San Luis Obispo-Paso Robles-Arroyo Grande, CA Metro Area 	 35.2827525,-120.6596156	3.8600000000000003	2.873	2.591	8.781	2.143	6.954	1.262	5.243	2.2590000000000003	0.87	3.315	0.523	10.675	2.143
Santa Cruz-Watsonville, CA Metro Area 	 36.9749416,-122.0285259	3.3249999999999997	2.181	1.97	8.822	1.6019999999999999	6.46	1.262	4.564	1.6789999999999998	0.634	2.711	0.475	8.035	1.6019999999999999
Seattle-Tacoma-Bellevue, WA Metro Area 	 47.6038321,-122.3300624	25.680999999999997	17.073	15.809	45.753	13.608	39.898999999999994	1.262	32.809	14.203000000000001	7.435	20.296000000000003	0.378	64.864	13.608
Sherman-Denison, TX Metro Area 	 33.6360125,-96.6097889	0.8989999999999999	0.743	1.092	1.296	0.9	1.1329999999999998	1.313	1.057	0.9319999999999999	0.46099999999999997	0.78	2.362	1.747	0.9
Shreveport-Bossier City, LA Metro Area 	 32.5221828,-93.7651944	2.969	2.077	2.026	4.2509999999999994	1.6509999999999998	3.5599999999999996	1.262	2.826	1.729	0.764	2.327	8.136	4.615	1.6509999999999998
Sioux Falls, SD Metro Area 	 43.5499749,-96.700327	1.621	1.202	1.131	3.476	0.9510000000000001	2.9499999999999997	1.262	1.9880000000000002	0.985	0.5109999999999999	1.3719999999999999	6.558	2.928	0.9510000000000001
Springfield, MA Metro Area 	 42.1014831,-72.589811	3.62	2.3489999999999998	2.231	5.930000000000001	2.1879999999999997	5.167	1.262	4.28	2.269	1.8439999999999999	2.797	12.344000000000001	10.192	2.1879999999999997
State College, PA Metro Area 	 40.7944504,-77.8616386	3.352	2.3649999999999998	2.1310000000000002	3.677	1.8719999999999999	4.398	17.957	4.178	1.888	1.5790000000000002	2.775	7.527	6.065	1.8719999999999999
Syracuse, NY Metro Area 	 43.0481221,-76.1474244	4.2170000000000005	2.754	2.556	7.679	2.213	6.855	1.262	4.617999999999999	2.2680000000000002	1.508	3.3800000000000003	18.374000000000002	12.4	2.213
Tampa-St. Petersburg-Clearwater, FL Metro Area 	 27.9518491,-82.4563972	22.831	14.801	13.732	31.982999999999997	11.053	27.831000000000003	1.262	27.136	11.702	3.58	17.927	72.368	52.595000000000006	11.053
Trenton, NJ Metro Area 	 40.2170575,-74.7429463	3.68	2.1710000000000003	1.971	2.853	1.582	2.041	1.262	2.741	1.6620000000000001	0.768	2.7560000000000002	6.084	5.460999999999999	1.582
Tucson, AZ Metro Area 	 32.2218917,-110.9262353	10.317	6.695	6.056	13.822	4.829	11.110999999999999	1.262	13.860000000000001	5.106	2.09	8.229999999999999	26.814999999999998	21.685	4.829
Tulsa, OK Metro Area 	 36.1556805,-95.9929113	5.4159999999999995	3.867	3.734	7.614	2.926	6.005	1.262	6.985	3.089	1.253	4.316000000000001	19.23	12.721	2.926
Tyler, TX Metro Area 	 32.3512601,-95.3010624	1.833	1.727	1.971	3.5109999999999997	1.565	2.6310000000000002	1.262	2.3649999999999998	1.646	0.574	1.957	7.811	4.92	1.565
Utica-Rome, NY Metro Area 	 43.1009031,-75.2326641	2.004	1.371	1.2650000000000001	3.9240000000000004	1.082	3.278	1.262	2.1719999999999997	1.127	0.643	1.596	11.06	7.21	1.082
Victoria, TX Metro Area 	 28.8052674,-97.0035982	0.967	0.8540000000000001	0.8260000000000001	1.598	0.781	1.4829999999999999	1.537	1.198	0.812	0.434	0.8809999999999999	2.384	1.685	0.781
Virginia Beach-Norfolk-Newport News, VA-NC Metro Area 	 36.8529841,-75.9774183	17.003999999999998	10.674	9.752	30.707	7.976999999999999	30.481	1.262	22.151	8.475999999999999	3.9110000000000005	13.232000000000001	77.534	52.21	7.976999999999999
Waco, TX Metro Area 	 31.549333,-97.1466695	2.094	2.047	2.2439999999999998	3.568	1.8519999999999999	2.843	1.262	2.2520000000000002	1.971	0.675	2.1519999999999997	6.944999999999999	4.522	1.8519999999999999
Walla Walla, WA Metro Area 	 46.0650381,-118.3302476	1.2	0.91	0.88	2.568	0.777	2.005	2.718	1.4809999999999999	0.796	0.48500000000000004	1.0690000000000002	2.209	4.372	0.777
Washington-Arlington-Alexandria, DC-VA-MD-WV Metro Area 	 38.8950092,-77.0365625	34.242000000000004	22.408	20.392	57.599	18.515	53.369	1.262	40.59	19.352	0.378	26.702	116.461	87.78	18.515
Wichita, KS Metro Area 	 37.6922361,-97.3375448	2.9160000000000004	2.2070000000000003	2.0869999999999997	5.225	1.678	4.019	1.262	3.487	1.764	42.079	2.599	12.099	7.953	1.678
Wichita Falls, TX Metro Area 	 33.9137085,-98.4933873	1.8190000000000002	1.406	1.5299999999999998	3.139	1.3110000000000002	2.776	14.923	2.141	1.332	25.888	1.599	7.026	4.590000000000001	1.3110000000000002
Youngstown-Warren-Boardman, OH-PA Metro Area 	 41.1035786,-80.6520161	3.0140000000000002	1.9400000000000002	1.893	4.3229999999999995	1.724	4.337	1.262	3.6159999999999997	1.6980000000000002	36.259	2.2369999999999997	8.361	6.575	1.724
Albany-Schenectady-Troy, NY Metro Area 	 42.6511674,-73.754968	0.65	0.775	0.429	0.969	2.543	0.51	1.262	0.726	0.49700000000000005	1.156	0.714	0.732	0.718	2.543
Arecibo, PR Metro Area 	 18.3442249,-66.7526951911433	0.41300000000000003	0.408	0.383	0.453	0.536	0.412	3.25	0.402	0.408	0.414	0.41300000000000003	0.419	0.438	0.536
Barnstable Town, MA Metro Area 	 41.278228,-73.600649	0.453	0.40299999999999997	0.398	0.5109999999999999	0.958	0.417	1.262	0.422	1.0050000000000001	0.657	0.422	0.38499999999999995	0.421	0.958
Guayama, PR Metro Area 	 18.0724557,-66.1046633	0.381	0.501	0.48899999999999993	0.408	0.47100000000000003	0.388	1.262	0.395	0.474	0.4	0.388	0.38499999999999995	0.4	0.47100000000000003
Hartford-West Hartford-East Hartford, CT Metro Area 	 33.4700252,-84.63344	0.508	4.241	3.847	1.117	3.2750000000000004	0.62	1.262	0.696	3.421	2.047	0.507	0.7150000000000001	0.777	3.2750000000000004
Lebanon, PA Metro Area 	 40.3429683,-76.4233816	0.465	1.242	1.145	0.5289999999999999	0.9700000000000001	0.488	5.37	0.419	1.017	1.0150000000000001	1.2249999999999999	0.5509999999999999	0.47800000000000004	0.9700000000000001
Manchester-Nashua, NH Metro Area 	 42.9956397,-71.4547891	1.769	1.191	1.113	0.519	1.516	0.422	1.262	0.432	1.592	1.017	1.389	0.479	0.5900000000000001	1.516
Mayagüez, PR Metro Area 	 17.9390029,-66.9539751	0.898	0.795	0.753	0.655	0.712	0.593	4.706	0.419	0.7060000000000001	0.517	0.877	0.53	0.739	0.712
Milwaukee-Waukesha-West Allis, WI Metro Area 	 43.0349931,-87.922497	6.809	4.861	4.47	0.924	4.016	0.647	1.262	0.683	4.2059999999999995	2.025	5.417	1.4929999999999999	1.453	4.016
New Haven-Milford, CT Metro Area 	 41.3083,-72.9279	3.419	2.857	2.568	0.5730000000000001	2.362	0.45399999999999996	1.262	0.533	2.443	0.924	2.656	0.513	0.575	2.362
Philadelphia-Camden-Wilmington, PA-NJ-DE-MD Metro Area 	 39.9527237,-75.1635262	23.584999999999997	15.31	13.863999999999999	3.945	11.723	1.663	1.262	25.697000000000003	12.023000000000001	7.989	18.22	4.297	3.4299999999999997	11.723
Ponce, PR Metro Area 	 17.9935058,-66.6071120305113	1.294	0.9700000000000001	0.953	0.5730000000000001	0.8270000000000001	1.6900000000000002	1.262	1.553	0.846	0.588	1.0959999999999999	0.488	0.515	0.8270000000000001
Reading, PA Metro Area 	 40.335345,-75.9279495	2.947	2.029	1.8439999999999999	0.571	1.5330000000000001	2.559	1.262	3.4520000000000004	1.547	1.166	2.458	0.605	0.562	1.5330000000000001
Rochester, NY Metro Area 	 43.1854754,-77.6106861508176	4.884	3.226	2.992	8.226	2.774	7.341	1.262	5.39	2.8609999999999998	1.388	3.9160000000000004	0.606	0.648	2.774
Salinas, CA Metro Area 	 36.6744117,-121.6550372	4.475	2.953	2.7	9.895	2.233	7.686	1.262	5.665	2.35	0.973	3.525	0.535	1.638	2.233
San Germán, PR Metro Area 	 18.0887911,-67.007989	0.609	0.514	0.504	0.7110000000000001	0.47800000000000004	0.766	2.1220000000000003	0.653	0.482	0.397	0.549	0.40099999999999997	1.071	0.47800000000000004
San Juan-Carolina-Caguas, PR Metro Area 	 18.4655,-66.1057	4.242	2.716	2.487	5.361000000000001	2.113	5.018	1.262	5.1450000000000005	2.1580000000000004	1.075	3.243	0.753	9.623	2.113
Sheboygan, WI Metro Area 	 43.7508284,-87.71453	1.021	0.8350000000000001	0.7919999999999999	1.177	0.731	1.234	1.517	0.9700000000000001	0.751	0.477	0.907	2.07	1.5690000000000002	0.731
Tallahassee, FL Metro Area 	 30.4380832,-84.2809332	7.095	4.266	3.904	9.545	3.1180000000000003	8.758000000000001	1.262	8.16	3.326	1.141	5.6080000000000005	25.008	17.438	3.1180000000000003
Vineland-Bridgeton, NJ Metro Area 	 39.473152,-75.0020265495217	1.547	1.013	0.94	1.607	0.832	1.328	1.262	1.504	0.87	0.501	1.227	3.2560000000000002	2.3449999999999998	0.832
Wilmington, NC Metro Area 	 34.2257282,-77.9447107	3.892	2.597	2.4659999999999997	5.026	2.132	5.367	1.262	4.0280000000000005	2.2369999999999997	51.475	3.02	9.896	7.473999999999999	2.132
Worcester, MA-CT Metro Area 	 42.2625932,-71.8022934	4.472	2.956	2.65	5.677	2.8019999999999996	6.487	1.262	5.332	2.974	28.412	3.442	13.839	11.383000000000001	2.8019999999999996
Albany, OR Metro Area 	 44.6365071,-123.1059324	0.41800000000000004	0.404	0.397	0.451	1.2489999999999999	0.46	12.71	0.49	0.905	0.598	0.4	0.525	0.416	1.2489999999999999
Altoona, PA Metro Area 	 40.518681,-78.394736	0.40499999999999997	0.383	0.43	0.439	0.661	0.40700000000000003	10.02	0.41800000000000004	0.446	0.731	0.439	0.555	0.43600000000000005	0.661
Ann Arbor, MI Metro Area 	 42.2681569,-83.7312291	0.541	0.537	0.501	0.632	2.835	0.483	1.262	0.554	0.565	1.147	0.735	0.5910000000000001	0.643	2.835
Asheville, NC Metro Area 	 35.6009498,-82.5540161	0.558	0.49799999999999994	0.5559999999999999	0.804	2.4090000000000003	0.528	1.262	0.496	0.464	1.268	0.578	0.5419999999999999	0.593	2.4090000000000003
Athens-Clarke County, GA Metro Area 	 33.9597677,-83.376398	0.501	0.44499999999999995	0.416	0.566	1.89	0.46799999999999997	3.697	0.472	0.535	0.785	0.42000000000000004	0.546	0.593	1.89
Auburn-Opelika, AL Metro Area 	 41.4767352,-81.1443658	0.464	0.45199999999999996	0.46	0.5910000000000001	1.8159999999999998	0.509	4.914	0.45899999999999996	1.831	0.675	0.475	0.507	0.491	1.8159999999999998
Bismarck, ND Metro Area 	 46.808327,-100.783739	0.412	0.404	0.406	0.45	0.804	0.39399999999999996	4.0600000000000005	0.395	0.829	0.46900000000000003	0.421	0.425	0.408	0.804
Blacksburg-Christiansburg-Radford, VA Metro Area 	 37.2296566,-80.4136767	0.49	0.455	0.456	0.864	1.794	0.494	4.656000000000001	0.5730000000000001	1.896	1.176	0.46599999999999997	0.977	0.883	1.794
Bloomington, IL Metro Area 	 40.4731073,-88.9941403	0.42000000000000004	0.448	0.49799999999999994	0.447	1.441	0.44	4.492	0.435	1.514	0.632	0.46599999999999997	0.49799999999999994	0.5109999999999999	1.441
Bloomsburg-Berwick, PA Metro Area 	 41.0041213,-76.453816	0.438	0.393	0.423	0.6589999999999999	0.754	0.45199999999999996	2.97	0.467	0.76	0.619	0.391	0.574	0.721	0.754
Boulder, CO Metro Area 	 40.102555,-105.3632079	0.48899999999999993	0.46799999999999997	0.47300000000000003	0.524	3.376	0.531	1.262	0.524	3.579	0.914	0.535	0.566	0.67	3.376
Bridgeport-Stamford-Norwalk, CT Metro Area 	 41.1792,-73.1894	0.513	0.431	0.415	0.533	2.4	0.456	1.262	0.531	2.539	1.012	0.48000000000000004	0.55	0.55	2.4
Burlington-South Burlington, VT Metro Area 	 44.4762975,-73.2135472	0.404	0.40700000000000003	0.40499999999999997	0.46599999999999997	0.98	0.40700000000000003	1.262	0.434	1.009	0.575	0.417	0.42700000000000005	0.439	0.98
California-Lexington Park, MD Metro Area 	 38.3004029,-76.5074542	0.43	0.39599999999999996	0.406	0.46299999999999997	0.878	0.41100000000000003	1.385	0.444	0.903	0.464	0.46599999999999997	0.503	0.519	0.878
Canton-Massillon, OH Metro Area 	 40.7989522,-81.3784445	0.429	0.456	0.48500000000000004	0.514	1.346	0.5	1.262	0.41	1.211	0.7200000000000001	0.479	0.678	0.619	1.346
Cape Coral-Fort Myers, FL Metro Area 	 26.6059432,-81.9806771	0.7	1.1520000000000001	0.608	1.045	4.138	0.6130000000000001	1.262	0.7150000000000001	4.348999999999999	1.5579999999999998	0.9510000000000001	1.012	1.1219999999999999	4.138
Carbondale-Marion, IL Metro Area 	 37.7274692,-89.216655	0.40499999999999997	0.4	0.417	0.428	0.91	0.428	1.416	0.41	0.941	0.507	0.42000000000000004	0.435	0.451	0.91
Champaign-Urbana, IL Metro Area 	 40.1164205,-88.2433829	0.465	0.504	0.531	0.5419999999999999	2.011	0.45399999999999996	1.262	0.55	2.1029999999999998	0.9779999999999999	0.592	0.598	0.679	2.011
Charleston, WV Metro Area 	 38.3505995,-81.6332812	0.648	0.49	0.40299999999999997	0.508	1.1199999999999999	0.575	1.262	0.518	1.1640000000000001	0.5429999999999999	0.5	0.536	0.532	1.1199999999999999
Cincinnati, OH-KY-IN Metro Area 	 39.1014537,-84.5124602	0.746	0.737	6.779999999999999	1.047	5.484	0.753	1.262	0.726	5.75	1.8840000000000001	0.873	1.013	1.138	5.484
Columbus, OH Metro Area 	 39.9622601,-83.0007065	0.804	0.9179999999999999	7.5729999999999995	1.292	6.193	1.0510000000000002	1.262	0.7649999999999999	6.499	2.746	1.201	1.7309999999999999	1.71	6.193
Corvallis, OR Metro Area 	 44.5645659,-123.2620435	0.45399999999999996	0.415	1.503	0.439	1.3370000000000002	0.49799999999999994	13.767	0.435	1.363	0.57	0.495	0.5760000000000001	0.505	1.3370000000000002
Decatur, IL Metro Area 	 39.8454163,-88.9524151	0.38499999999999995	0.762	0.708	0.425	0.719	0.408	1.262	0.38699999999999996	0.744	0.46099999999999997	0.406	0.414	0.44	0.719
Deltona-Daytona Beach-Ormond Beach, FL Metro Area 	 28.9005446,-81.2636738	0.622	5.3790000000000004	4.859999999999999	1.012	3.769	0.7879999999999999	1.262	0.764	3.9960000000000004	1.32	0.683	1.342	1.227	3.769
Des Moines-West Des Moines, IA Metro Area 	 41.5910641,-93.6037149	0.506	2.777	2.615	1.0579999999999998	2.499	0.6930000000000001	1.262	0.588	2.417	0.777	0.5810000000000001	0.578	0.925	2.499
Erie, PA Metro Area 	 42.1294712,-80.0852695	0.41300000000000003	1.356	1.276	0.43	1.1150000000000002	0.432	1.262	0.457	1.147	0.657	0.416	0.544	0.448	1.1150000000000002
Flint, MI Metro Area 	 43.0171773,-83.7236024	0.408	2.025	1.818	0.606	1.45	0.432	1.262	0.528	1.531	0.657	0.57	0.423	0.47300000000000003	1.45
Florence-Muscle Shoals, AL Metro Area 	 34.74481, -87.66753 	0.415	1.083	0.9430000000000001	0.528	0.912	0.448	12.964	0.465	0.962	0.53	0.46900000000000003	0.438	0.47100000000000003	0.912
Fort Collins, CO Metro Area 	 40.5508527,-105.0668085	0.48700000000000004	3.695	3.558	0.559	2.9859999999999998	0.5	1.262	0.549	3.149	0.9470000000000001	0.5379999999999999	0.5519999999999999	0.612	2.9859999999999998
Grand Island, NE Metro Area 	 40.924271,-98.338685	0.402	0.73	0.687	0.419	0.605	0.395	1.3840000000000001	0.392	0.622	0.434	0.392	0.381	0.419	0.605
Green Bay, WI Metro Area 	 44.5126379,-88.0125794	0.506	1.38	1.2899999999999998	0.488	1.22	0.425	1.262	0.433	1.186	0.8099999999999999	0.558	0.634	0.745	1.22
Hagerstown-Martinsburg, MD-WV Metro Area 	 39.6419219,-77.7202641	0.494	1.874	1.729	0.606	1.572	0.536	1.262	0.536	1.643	1.7630000000000001	0.5609999999999999	1.5	1.3010000000000002	1.572
Homosassa Springs, FL Metro Area 	 28.8035939,-82.5759329	0.467	1.4289999999999998	1.315	0.7020000000000001	1.075	0.642	2.803	0.448	1.135	0.522	0.434	1.16	0.878	1.075
Huntington-Ashland, WV-KY-OH Metro Area 	 38.4192496,-82.445154	0.704	1.305	1.317	0.699	1.31	0.501	1.262	0.523	1.373	0.606	1.49	0.626	0.584	1.31
Johnstown, PA Metro Area 	 40.3267407,-78.9219698	0.423	0.9510000000000001	0.893	0.486	0.8019999999999999	0.402	5.0200000000000005	0.442	0.804	0.703	1.1199999999999999	0.527	0.48899999999999993	0.8019999999999999
Kalamazoo-Portage, MI Metro Area 	 42.291707,-85.5872286	0.458	2.4810000000000003	2.213	0.605	1.977	0.456	1.262	0.524	2.043	0.708	2.337	0.5910000000000001	0.639	1.977
Lakeland-Winter Haven, FL Metro Area 	 28.0470734,-81.9539892	0.787	4.515	4.084	1.0579999999999998	3.2030000000000003	0.524	1.262	0.718	3.395	1.075	5.8149999999999995	0.837	1.219	3.2030000000000003
Lancaster, PA Metro Area 	 40.03813,-76.3056686	0.514	2.391	2.197	0.639	1.761	0.429	1.262	0.605	1.8639999999999999	3.024	2.765	0.651	0.671	1.761
Lansing-East Lansing, MI Metro Area 	 42.7337712,-84.5553805	0.502	3.569	3.243	0.699	2.608	0.5559999999999999	1.262	0.623	2.726	1.125	2.807	0.571	0.636	2.608
Lexington-Fayette, KY Metro Area 	 38.0464066,-84.4970393	0.601	2.748	2.847	0.569	2.387	0.48500000000000004	1.262	0.544	2.484	0.866	3.395	0.5730000000000001	0.625	2.387
Lima, OH Metro Area 	 40.742551,-84.1052256	0.39599999999999996	0.8130000000000001	0.812	0.42000000000000004	0.708	0.39599999999999996	1.646	0.399	0.7380000000000001	0.415	0.803	0.435	0.429	0.708
Longview, WA Metro Area 	 46.1377048,-122.9344623	0.419	0.9219999999999999	0.867	0.397	0.747	0.447	22.259999999999998	0.40299999999999997	0.771	0.49799999999999994	1.0839999999999999	0.554	0.43600000000000005	0.747
Louisville/Jefferson County, KY-IN Metro Area 	 38.209237,-85.7038502	4.6290000000000004	4.203	4.004	0.805	3.351	0.574	1.262	0.647	3.521	1.317	4.752	0.631	0.809	3.351
Madison, WI Metro Area 	 43.074761,-89.3837613	5.41	3.8960000000000004	3.5660000000000003	0.848	3.13	0.565	1.262	0.597	3.269	1.871	4.372	1.224	1.202	3.13
Mankato-North Mankato, MN Metro Area 	 44.1634663,-93.9993505	1.926	1.22	1.1219999999999999	0.408	0.934	0.419	1.685	0.388	0.967	0.503	1.46	0.40499999999999997	0.433	0.934
Mansfield, OH Metro Area 	 40.75839,-82.5154471	0.844	0.7200000000000001	0.911	0.392	0.798	0.423	2.408	0.384	0.8099999999999999	0.541	0.775	0.457	0.446	0.798
Midland, MI Metro Area 	 43.6155825,-84.2472117	1.479	0.94	0.8989999999999999	0.533	0.8170000000000001	0.5339999999999999	6.3740000000000006	0.579	0.859	0.5419999999999999	0.98	0.449	0.475	0.8170000000000001
Monroe, MI Metro Area 	 41.9145037,-83.3968252	1.2630000000000001	1.139	1.026	0.41	0.877	0.406	1.6199999999999999	0.41	0.889	0.539	1.014	0.45399999999999996	0.393	0.877
Morgantown, WV Metro Area 	 39.6296809,-79.9559437	2.199	1.474	1.4400000000000002	0.694	1.267	0.627	5.577999999999999	0.545	1.3190000000000002	0.973	1.721	1.011	0.909	1.267
Muncie, IN Metro Area 	 40.1936683,-85.3865114	1.193	1.5070000000000001	1.3840000000000001	0.501	1.1440000000000001	0.44	2.04	0.404	1.214	0.58	1.712	0.43	0.458	1.1440000000000001
Myrtle Beach-Conway-North Myrtle Beach, SC-NC Metro Area 	 33.6956461,-78.8900409	4.656000000000001	3.185	3.056	1.345	2.669	0.5670000000000001	1.262	0.578	2.8440000000000003	3.403	3.521	0.78	0.786	2.669
Naples-Immokalee-Marco Island, FL Metro Area 	 26.1421976,-81.7942944	4.026	2.648	2.375	0.66	2.265	0.522	1.262	0.48700000000000004	2.357	0.7200000000000001	3.1870000000000003	0.752	0.734	2.265
Nashville-Davidson--Murfreesboro--Franklin, TN Metro Area 	 36.1622296,-86.7743531	11.243	8.413	7.866	1.088	6.8500000000000005	0.8360000000000001	1.262	0.8170000000000001	7.132000000000001	3.128	10.261	1.23	1.196	6.8500000000000005
New Orleans-Metairie, LA Metro Area 	 29.9499323,-90.0701156	6.1770000000000005	5.483	5.015000000000001	0.929	4.398	0.588	1.262	0.5609999999999999	4.566	1.3860000000000001	5.37	0.753	0.875	4.398
North Port-Sarasota-Bradenton, FL Metro Area 	 27.044224,-82.2359254	10.042	6.072	5.558999999999999	1.08	4.5840000000000005	0.76	1.262	12.936	4.8069999999999995	1.897	7.393000000000001	1.3470000000000002	1.192	4.5840000000000005
Norwich-New London, CT Metro Area 	 41.3557,-72.0995	2.922	2.144	1.938	0.512	1.597	0.45	1.262	3.3409999999999997	1.666	1.194	2.32	0.509	0.496	1.597
Parkersburg-Vienna, WV Metro Area 	 39.2699565,-81.5506916	0.731	0.617	0.599	0.43600000000000005	0.5900000000000001	0.42000000000000004	1.553	0.873	0.584	0.423	0.674	0.46099999999999997	0.462	0.5900000000000001
Pittsburgh, PA Metro Area 	 40.4416941,-79.9900861	9.350000000000001	6.583	6.152	1.494	5.162	13.994	1.262	11.725	5.357	3.285	7.641	2.212	2.0799999999999996	5.162
Portland-South Portland, ME Metro Area 	 43.6591,-70.2568	2.6870000000000003	2.111	2.045	0.78	2.081	3.254	1.262	2.954	2.154	0.916	2.3939999999999997	0.601	0.684	2.081
Port St. Lucie, FL Metro Area 	 27.2939333,-80.3503283	6.779999999999999	4.051	3.676	0.963	2.8609999999999998	8.722999999999999	1.262	6.6610000000000005	3.0599999999999996	1.0410000000000001	5.139	1.1800000000000002	0.8180000000000001	2.8609999999999998
Provo-Orem, UT Metro Area 	 40.2338438,-111.6585337	7.6930000000000005	5.053	4.585	0.739	3.7030000000000003	13.22	1.262	10.561	3.8960000000000004	1.806	6.077	0.7110000000000001	0.8009999999999999	3.7030000000000003
Punta Gorda, FL Metro Area 	 26.9297836,-82.0453664	3.605	2.008	1.873	0.53	1.617	2.953	4.329000000000001	4.2139999999999995	1.676	0.694	2.666	0.472	0.555	1.617
Richmond, VA Metro Area 	 37.5407,-77.4360	10.884	6.411	5.829	1.4189999999999998	4.806	20.922	1.262	14.002	5.101	2.318	8.040000000000001	2.18	1.868	4.806
Roanoke, VA Metro Area 	 37.2738215,-79.9602021478478	2.826	1.91	1.7409999999999999	4.14	1.582	4.064	1.262	2.949	1.677	1.2730000000000001	2.351	0.704	0.75	1.582
Rockford, IL Metro Area 	 42.2713945,-89.093966	1.441	1.125	1.044	2.4	1.1280000000000001	2.101	1.262	1.716	1.183	0.527	1.306	0.462	0.47600000000000003	1.1280000000000001
San Francisco-Oakland-Hayward, CA Metro Area 	 37.7749,-122.4194	28.258	18.256999999999998	16.330000000000002	68.937	13.186	51.193000000000005	1.262	37.928000000000004	13.849	4.5409999999999995	22.854	2.056	0.378	13.186
Santa Maria-Santa Barbara, CA Metro Area 	 34.9531295,-120.4358577	4.467	3.29	2.949	9.280999999999999	2.4250000000000003	7.551	1.262	6.23	2.553	0.756	4.128	0.508	10.449	2.4250000000000003
Savannah, GA Metro Area 	 32.0809,-81.0912	3.875	3.091	2.919	6.505000000000001	2.699	6.006	1.262	4.5360000000000005	2.608	0.939	3.3939999999999997	0.639	10.652	2.699
Sierra Vista-Douglas, AZ Metro Area 	 31.5455709,-110.2772249	2.978	1.996	1.8370000000000002	4.369	1.484	3.2279999999999998	2.81	3.913	1.573	1.0	2.3609999999999998	10.447	8.115	1.484
South Bend-Mishawaka, IN-MI Metro Area 	 41.6833813,-86.2500066	2.996	2.1310000000000002	1.9889999999999999	3.649	1.719	3.008	1.262	3.209	1.8190000000000002	0.787	2.157	6.319	4.875	1.719
Springfield, OH Metro Area 	 39.9242266,-83.8088172	0.933	1.0510000000000002	1.059	1.446	0.885	1.216	3.276	1.089	0.9269999999999999	0.453	0.85	1.909	1.724	0.885
Terre Haute, IN Metro Area 	 39.4667025,-87.4139119	1.479	1.339	1.246	2.387	1.089	2.149	2.5820000000000003	1.637	1.138	0.623	1.508	5.595	4.5840000000000005	1.089
Texarkana, TX-AR Metro Area 	 33.4254684,-94.0430977	1.1969999999999998	1.089	1.077	2.376	0.909	1.9469999999999998	1.262	1.432	0.9470000000000001	0.537	1.168	3.741	2.627	0.909
Toledo, OH Metro Area 	 41.6786754,-83.5127283	2.396	2.157	2.467	3.78	1.987	3.535	1.262	2.633	2.09	0.6880000000000001	1.9919999999999998	6.760000000000001	5.38	1.987
Honolulu, HI Metro Area 	 21.3250785,-157.846644178573	8.054	5.8950000000000005	5.538	16.656000000000002	4.395	13.897	1.262	10.718	4.644	1.7080000000000002	7.08	26.099	21.683999999999997	4.395
Watertown-Fort Drum, NY Metro Area 	 43.9747838,-75.9107565	2.149	1.502	1.495	3.933	1.256	3.357	4.959	2.597	1.323	13.212	1.721	8.337000000000002	6.007000000000001	1.256
Weirton-Steubenville, WV-OH Metro Area 	 40.4189566,-80.5895167	1.407	0.9560000000000001	0.941	2.556	0.844	2.07	5.878	1.9220000000000002	0.88	66.605	1.0859999999999999	4.181	3.064	0.844
Wheeling, WV-OH Metro Area 	 40.0639616,-80.7209149	1.0430000000000001	0.9129999999999999	0.9349999999999999	1.648	0.8400000000000001	1.714	7.043	1.433	0.87	52.845000000000006	0.925	3.265	2.3289999999999997	0.8400000000000001
Winchester, VA-WV Metro Area 	 39.1852184,-78.1652404	1.485	1.039	0.968	3.164	0.864	2.577	1.5479999999999998	1.903	0.892	7.201	1.17	9.383000000000001	6.05	0.864
York-Hanover, PA Metro Area 	 39.962398,-76.727392	2.242	2.276	2.026	3.581	1.887	3.2590000000000003	1.262	2.8609999999999998	1.9780000000000002	41.359	2.074	7.381	6.101999999999999	1.887
Alexandria, LA Metro Area 	 31.3113,-92.4451	0.395	0.402	0.392	0.417	0.766	0.392	1.444	0.381	0.397	0.46099999999999997	0.44	0.4	0.444	0.766
Anniston-Oxford-Jacksonville, AL Metro Area 	 33.695381,-85.8398422788233	0.518	0.417	0.55	0.544	1.034	0.435	2.341	0.494	0.429	0.575	0.49	0.5860000000000001	0.528	1.034
Augusta-Richmond County, GA-SC Metro Area 	 33.4709714,-81.9748429	0.554	0.5429999999999999	0.513	0.861	2.8649999999999998	0.5630000000000001	1.262	0.523	2.774	1.454	0.608	0.809	1.08	2.8649999999999998
Bay City, MI Metro Area 	 28.9827565,-95.969402	0.388	0.38499999999999995	0.398	0.741	0.7010000000000001	0.417	11.782	0.584	0.736	0.571	0.622	0.447	0.4	0.7010000000000001
Brunswick, GA Metro Area 	 31.1500,-81.4915	0.4	0.42700000000000005	0.389	0.494	0.969	0.431	1.7650000000000001	0.437	0.925	0.5	0.416	0.44499999999999995	0.528	0.969
Cape Girardeau, MO-IL Metro Area 	 37.3058839,-89.5181476	0.395	0.39	0.474	0.5820000000000001	0.775	0.448	1.358	0.495	0.799	0.491	0.523	0.433	0.415	0.775
Chattanooga, TN-GA Metro Area 	 35.0456297,-85.3096801	0.6819999999999999	0.519	0.455	0.705	2.4090000000000003	0.524	1.262	0.575	2.431	1.304	0.515	0.665	0.767	2.4090000000000003
Columbus, GA-AL Metro Area 	 32.4609764,-84.9877094	0.5900000000000001	0.509	3.053	0.777	2.764	0.608	1.262	0.5910000000000001	2.718	1.09	0.537	0.8069999999999999	0.9179999999999999	2.764
Crestview-Fort Walton Beach-Destin, FL Metro Area 	 30.7621326,-86.5705084	0.518	0.607	2.6510000000000002	0.653	2.1229999999999998	0.45199999999999996	1.262	0.535	2.189	0.877	0.504	0.648	0.766	2.1229999999999998
Dalton, GA Metro Area 	 34.7698,-84.9702	0.416	0.745	0.732	0.536	0.8069999999999999	0.43	1.3860000000000001	0.43600000000000005	0.794	0.479	0.38499999999999995	0.41800000000000004	0.402	0.8069999999999999
Dothan, AL Metro Area 	 31.2232313,-85.3904889	0.41	0.839	0.7919999999999999	0.453	0.735	0.43	1.823	0.4	0.75	0.433	0.40900000000000003	0.482	0.462	0.735
Florence, SC Metro Area 	 34.1984435,-79.7671658	0.412	0.9790000000000001	1.032	0.474	0.9269999999999999	0.41	1.262	0.406	0.968	0.46299999999999997	0.415	0.496	0.531	0.9269999999999999
Goldsboro, NC Metro Area 	 35.3848841,-77.9927651	0.42000000000000004	1.1820000000000002	1.106	0.514	0.964	0.48899999999999993	1.83	0.423	1.004	0.794	0.428	0.41800000000000004	0.46599999999999997	0.964
Greenville-Anderson-Mauldin, SC Metro Area 	 34.851354,-82.3984882	0.5429999999999999	3.8939999999999997	4.128	0.834	3.8089999999999997	0.631	1.262	0.537	3.813	1.269	0.971	0.873	1.848	3.8089999999999997
Harrisburg-Carlisle, PA Metro Area 	 40.2663107,-76.8861122	0.627	3.4880000000000004	3.202	0.841	2.6679999999999997	0.6489999999999999	1.262	0.705	2.797	5.6579999999999995	0.6130000000000001	1.0759999999999998	0.9779999999999999	2.6679999999999997
Hattiesburg, MS Metro Area 	 31.3271189,-89.2903392	0.39599999999999996	1.3699999999999999	1.2650000000000001	0.44499999999999995	1.024	0.39599999999999996	1.6509999999999998	0.399	1.0859999999999999	0.53	0.43	0.412	0.45	1.024
Hinesville, GA Metro Area 	 31.8477298,-81.5960354	0.443	1.542	1.4989999999999999	0.5630000000000001	1.284	0.472	3.816	0.46799999999999997	1.3179999999999998	0.8360000000000001	0.456	0.525	0.45899999999999996	1.284
Houma-Thibodaux, LA Metro Area 	 29.5957696,-90.7195348	0.404	1.0679999999999998	0.957	0.416	0.841	0.39399999999999996	1.262	0.393	0.874	0.475	0.435	0.425	0.414	0.841
Huntsville, AL Metro Area 	 33.561968,-86.798814	0.592	2.853	2.588	0.787	2.363	0.751	1.262	0.6809999999999999	2.431	1.034	2.963	1.0050000000000001	0.757	2.363
Macon, GA Metro Area 	 32.8406946,-83.6324022	2.319	1.3840000000000001	1.32	1.035	1.285	0.425	1.262	0.874	1.1509999999999998	0.583	1.859	0.443	0.483	1.285
Montgomery, AL Metro Area 	 40.85239,-78.266098	3.1180000000000003	2.4659999999999997	2.263	0.651	2.1870000000000003	0.745	1.262	0.505	2.2659999999999996	0.834	2.763	1.093	0.6589999999999999	2.1870000000000003
Saginaw, MI Metro Area 	 43.4200387,-83.9490365	1.6789999999999998	1.2409999999999999	1.188	2.21	1.03	1.711	10.248	1.435	1.077	0.739	1.1150000000000002	0.46799999999999997	0.533	1.03
Sebring, FL Metro Area 	 27.4957453,-81.4410425	1.427	1.0219999999999998	0.9600000000000001	2.3040000000000003	0.8450000000000001	1.835	1.627	1.427	0.879	0.462	1.201	5.420999999999999	3.871	0.8450000000000001
Valdosta, GA Metro Area 	 30.8327022,-83.2784851	1.7440000000000002	1.3179999999999998	1.262	2.82	1.135	2.857	3.8649999999999998	2.068	1.083	0.569	1.547	7.33	5.662999999999999	1.135
Warner Robins, GA Metro Area 	 32.6209775,-83.5999048	2.534	1.361	1.484	3.0730000000000004	1.269	2.219	1.6540000000000001	2.354	1.264	0.7	1.971	5.875	4.277	1.269
Beckley, WV Metro Area 	 37.7781702,-81.1881557	0.46799999999999997	0.41100000000000003	0.39399999999999996	0.429	0.66	0.42000000000000004	1.754	0.40700000000000003	0.678	0.438	0.41	0.421	0.434	0.66
Bend-Redmond, OR Metro Area 	 44.0581728,-121.3153096	0.44	0.42000000000000004	0.429	0.43600000000000005	1.189	0.482	6.467	0.462	1.229	0.532	0.484	0.536	0.5	1.189
Bremerton-Silverdale, WA Metro Area 	 47.5653663,-122.6246836	0.565	0.435	0.424	0.7110000000000001	1.88	0.624	1.262	0.48700000000000004	1.955	0.95	0.49799999999999994	0.712	0.99	1.88
Chico, CA Metro Area 	 39.7285,-121.8375	0.5289999999999999	0.415	1.5610000000000002	0.5810000000000001	1.315	0.447	1.262	0.438	1.368	3.311	0.73	0.45899999999999996	0.905	1.315
Coeur d'Alene, ID Metro Area 	 47.6742994,-116.7811531	0.446	0.421	1.375	0.479	1.219	0.516	5.018	0.45	1.254	0.632	0.665	1.06	0.546	1.219
Elkhart-Goshen, IN Metro Area 	 41.6819935,-85.9766671	0.4	1.083	1.0219999999999998	0.761	0.9	0.46799999999999997	1.355	0.423	0.928	0.5519999999999999	0.47	0.474	0.465	0.9
Eugene, OR Metro Area 	 44.0505054,-123.0950506	0.562	2.996	2.762	0.611	2.439	0.65	1.262	0.5670000000000001	2.485	1.23	0.628	0.736	0.733	2.439
Grants Pass, OR Metro Area 	 42.4393707,-123.3272489	0.441	0.9650000000000001	0.915	0.437	0.8220000000000001	0.42000000000000004	23.317	0.43	0.841	0.643	0.458	0.446	0.46599999999999997	0.8220000000000001
Harrisonburg, VA Metro Area 	 38.4493315,-78.8688833	0.412	1.621	1.463	0.8540000000000001	1.204	0.687	1.5759999999999998	0.48000000000000004	1.268	0.846	0.536	1.391	1.099	1.204
Lake Havasu City-Kingman, AZ Metro Area 	 34.4838502,-114.3224495	0.635	2.7399999999999998	2.4099999999999997	0.533	1.915	0.7060000000000001	1.262	0.479	2.0170000000000003	1.4649999999999999	3.266	0.627	0.5860000000000001	1.915
Manhattan, KS Metro Area 	 39.1836082,-96.5716694	1.952	1.534	1.4480000000000002	0.47800000000000004	1.186	0.437	2.3379999999999996	0.41300000000000003	1.242	1.568	1.823	0.5950000000000001	0.472	1.186
Medford, OR Metro Area 	 42.3264181,-122.8718605	2.401	1.888	1.756	0.495	1.562	0.506	1.262	0.448	1.611	0.9	1.8860000000000001	0.58	0.632	1.562
Pine Bluff, AR Metro Area 	 34.2284312,-92.0031955	0.731	0.772	0.741	0.399	0.653	0.9430000000000001	1.292	0.821	0.673	0.406	0.8260000000000001	0.398	0.425	0.653
Salem, OR Metro Area 	 44.9391565,-123.033121	4.62	3.19	2.876	4.3759999999999994	2.565	7.99	1.262	5.992	2.592	0.95	3.6319999999999997	0.8260000000000001	0.717	2.565
Spokane-Spokane Valley, WA Metro Area 	 47.6579425,-117.4212265	5.446999999999999	3.658	3.556	12.588999999999999	2.968	9.482000000000001	1.262	6.962999999999999	3.072	2.2590000000000003	4.418	12.02	19.241999999999997	2.968
Yakima, WA Metro Area 	 46.601557,-120.5108421	1.596	1.23	1.145	2.7889999999999997	1.0150000000000001	2.544	1.262	1.9889999999999999	1.048	10.219000000000001	1.446	2.8739999999999997	4.265	1.0150000000000001
Atlantic City-Hammonton, NJ Metro Area 	 39.3642852,-74.4229351	0.423	0.657	0.39	0.696	1.16	0.55	1.262	0.61	1.213	0.628	0.714	0.784	0.432	1.16
Binghamton, NY Metro Area 	 42.096968,-75.914341	0.43	0.488	0.398	0.457	1.004	0.41100000000000003	1.262	0.453	1.02	0.526	0.412	0.447	0.47800000000000004	1.004
Bloomington, IN Metro Area 	 39.1670396,-86.5342881	0.456	0.446	0.474	0.773	1.929	0.612	3.1830000000000003	0.475	2.029	0.885	0.533	0.46099999999999997	0.795	1.929
Cleveland, TN Metro Area 	 35.1595182,-84.8766115	0.412	0.39399999999999996	0.909	0.393	0.9219999999999999	0.393	2.441	0.421	0.928	0.531	0.408	0.479	0.45899999999999996	0.9219999999999999
Columbia, MO Metro Area 	 38.951883,-92.3337366	0.421	0.483	2.0149999999999997	0.68	1.688	0.509	7.422	0.566	1.753	0.6849999999999999	0.753	0.596	0.57	1.688
Davenport-Moline-Rock Island, IA-IL Metro Area 	 41.5236436,-90.5776368	0.419	1.38	1.3	0.482	1.242	0.442	1.262	0.44	1.272	0.5469999999999999	0.443	0.437	0.47800000000000004	1.242
Dover, DE Metro Area 	 39.158168,-75.5243682	0.419	1.574	1.46	1.121	1.229	0.447	7.89	0.5479999999999999	1.26	1.108	0.679	0.583	0.684	1.229
Duluth, MN-WI Metro Area 	 46.7729322,-92.1251218	0.479	1.7489999999999999	1.596	0.431	1.3110000000000002	0.425	1.262	0.428	1.3639999999999999	0.634	0.49700000000000005	0.484	0.482	1.3110000000000002
Durham-Chapel Hill, NC Metro Area 	 36.0181316,-78.8751582	0.5469999999999999	4.723	4.26	0.776	3.839	0.6719999999999999	1.262	0.6669999999999999	4.026	2.696	0.643	0.6859999999999999	0.763	3.839
Elmira, NY Metro Area 	 42.0897965,-76.8077338	0.406	0.673	0.651	0.44	0.608	0.38699999999999996	1.449	0.424	0.629	0.419	0.39399999999999996	0.399	0.40099999999999997	0.608
Evansville, IN-KY Metro Area 	 37.9716, -87.5711	0.49700000000000005	1.436	1.36	0.621	1.175	0.506	1.262	0.48700000000000004	1.218	0.647	0.43600000000000005	0.446	0.669	1.175
Glens Falls, NY Metro Area 	 43.309941,-73.644447	0.386	0.74	0.6809999999999999	0.437	0.741	0.4	1.638	0.426	0.642	0.438	0.402	0.39599999999999996	0.415	0.741
Grand Forks, ND-MN Metro Area 	 47.9078244,-97.0592028	0.41300000000000003	1.264	1.175	0.448	1.024	0.404	2.475	0.431	1.062	0.509	0.46900000000000003	0.432	0.41800000000000004	1.024
Greeley, CO Metro Area 	 38.4570355,-101.8185007	0.44499999999999995	3.457	3.283	0.435	2.7590000000000003	0.47600000000000003	1.262	0.509	2.941	0.7879999999999999	0.433	0.496	0.521	2.7590000000000003
Greensboro-High Point, NC Metro Area 	 36.0726355,-79.7919754	0.47300000000000003	3.525	3.205	0.7929999999999999	2.96	0.661	1.262	0.539	3.1449999999999996	5.791	0.558	0.8	0.67	2.96
Iowa City, IA Metro Area 	 41.6612561,-91.5299106	0.41300000000000003	1.638	1.521	0.588	1.516	0.53	2.1670000000000003	0.448	1.573	0.617	1.699	0.44499999999999995	0.5640000000000001	1.516
Ithaca, NY Metro Area 	 42.4396039,-76.4968019	0.423	1.2550000000000001	1.237	0.483	1.161	0.423	3.765	0.49299999999999994	1.17	0.6130000000000001	1.417	0.501	0.475	1.161
Jackson, MI Metro Area 	 32.2990384,-90.1847691	0.398	1.2249999999999999	1.116	0.45899999999999996	1.026	0.397	3.799	0.451	1.03	0.528	1.199	0.423	0.47600000000000003	1.026
Jefferson City, MO Metro Area 	 38.577359,-92.1724265	0.399	1.1720000000000002	1.1869999999999998	0.541	0.9990000000000001	0.446	7.617	0.45899999999999996	1.037	0.482	1.373	0.49200000000000005	0.434	0.9990000000000001
Jonesboro, AR Metro Area 	 35.8428646,-90.7034522	0.417	0.9810000000000001	0.896	0.415	0.772	0.435	1.262	0.442	0.8009999999999999	0.479	1.091	0.447	0.455	0.772
Kingston, NY Metro Area 	 41.9287812,-74.0023702	0.41	1.0690000000000002	0.9909999999999999	0.442	0.8350000000000001	0.393	6.466	0.42000000000000004	0.847	0.48899999999999993	1.297	0.451	0.40299999999999997	0.8350000000000001
La Crosse-Onalaska, WI-MN Metro Area 	 43.8014053,-91.2395429	0.458	1.231	1.132	0.465	0.972	0.417	1.821	0.42000000000000004	1.002	0.6849999999999999	1.367	0.535	0.555	0.972
Lafayette-West Lafayette, IN Metro Area 	 40.4167022,-86.8752869	0.41800000000000004	1.9189999999999998	1.768	0.737	1.6019999999999999	0.521	1.262	0.47	1.665	0.687	2.2300000000000004	0.55	0.666	1.6019999999999999
Lewiston-Auburn, ME Metro Area 	 44.100351,-70.2147764	0.38699999999999996	0.8260000000000001	0.776	0.406	0.6930000000000001	0.391	1.799	0.39599999999999996	0.7150000000000001	0.425	0.915	0.38499999999999995	0.40900000000000003	0.6930000000000001
Logan, UT-ID Metro Area 	 41.7313447,-111.8348631	0.42700000000000005	1.532	1.438	0.43600000000000005	1.1900000000000002	0.48500000000000004	3.094	0.408	1.2409999999999999	0.619	1.861	0.457	0.46099999999999997	1.1900000000000002
Michigan City-La Porte, IN Metro Area 	 41.7075394,-86.8950297	1.4929999999999999	1.0759999999999998	0.9810000000000001	0.6	0.99	0.447	1.624	0.44	1.039	0.622	1.175	0.449	0.46299999999999997	0.99
Modesto, CA Metro Area 	 37.6390972,-120.9968782	4.713	2.9160000000000004	2.598	0.648	2.098	0.521	1.262	0.585	2.206	0.6679999999999999	3.521	0.722	2.1580000000000004	2.098
Niles-Benton Harbor, MI Metro Area 	 41.8297694,-86.2541768	1.71	1.171	1.098	0.716	0.968	0.455	1.5690000000000002	2.093	1.011	0.5519999999999999	1.286	0.46	0.528	0.968
Pittsfield, MA Metro Area 	 42.4500967,-73.2453785	1.0399999999999998	0.747	0.6970000000000001	0.528	0.705	1.519	2.811	1.186	0.7	0.435	0.86	0.39399999999999996	0.402	0.705
Rapid City, SD Metro Area 	 44.081176,-103.228006	1.469	1.07	1.0150000000000001	0.46599999999999997	0.902	2.6740000000000004	1.9949999999999999	1.916	0.9259999999999999	0.5599999999999999	1.199	0.488	0.5599999999999999	0.902
Salisbury, MD-DE Metro Area 	 38.3662114,-75.6008881	2.906	2.06	1.866	5.94	1.7799999999999998	4.198	1.262	3.59	1.86	1.5870000000000002	2.305	0.808	0.7969999999999999	1.7799999999999998
San Jose-Sunnyvale-Santa Clara, CA Metro Area 	 37.3361905,-121.8905833	14.48	9.048	8.104999999999999	35.731	6.550000000000001	26.512999999999998	1.262	19.774	6.899	2.032	11.317	0.948	30.051000000000002	6.550000000000001
Scranton--Wilkes-Barre--Hazleton, PA Metro Area 	 41.4086874,-75.6621294	2.857	2.056	1.899	3.625	1.688	2.847	1.262	2.969	1.686	1.0759999999999998	2.363	0.712	6.281	1.688
Sebastian-Vero Beach, FL Metro Area 	 27.816415,-80.4706078	2.899	1.732	1.592	3.5669999999999997	1.314	5.21	2.696	3.679	1.371	0.53	2.184	8.168999999999999	5.9350000000000005	1.314
Spartanburg, SC Metro Area 	 34.9498007,-81.9320157	1.878	2.146	2.139	3.444	1.807	2.7279999999999998	1.262	2.137	1.869	0.7240000000000001	1.903	5.832999999999999	5.4479999999999995	1.807
Springfield, IL Metro Area 	 39.7990175,-89.6439575	1.6869999999999998	1.1869999999999998	1.1280000000000001	3.033	1.048	2.544	1.262	2.161	1.0970000000000002	0.531	1.3290000000000002	2.936	2.373	1.048
Springfield, MO Metro Area 	 37.2166779,-93.2920373	3.839	2.942	2.692	9.246	2.16	7.481	1.262	4.894	2.27	0.753	3.399	9.67	6.966	2.16
Sumter, SC Metro Area 	 33.9204354,-80.3414693	1.1360000000000001	0.933	1.029	2.084	0.9079999999999999	1.666	1.833	1.333	0.95	0.47800000000000004	0.99	3.9029999999999996	2.205	0.9079999999999999
The Villages, FL Metro Area 	 28.9468504,-81.9533443	2.464	1.503	1.3940000000000001	3.469	1.1969999999999998	3.136	1.393	3.081	1.2409999999999999	0.532	1.832	9.636000000000001	5.906	1.1969999999999998
Yuba City, CA Metro Area 	 39.1404477,-121.6169108	1.964	1.3470000000000002	1.357	4.116	1.116	3.3400000000000003	49.135	2.451	1.163	19.596	1.61	3.512	3.076	1.116
Akron, OH Metro Area 	 41.083064,-81.518485	0.483	0.439	0.507	0.5509999999999999	2.485	0.518	1.262	0.47100000000000003	0.453	0.893	0.5429999999999999	0.6980000000000001	0.798	2.485
Bellingham, WA Metro Area 	 48.7544012,-122.4788361	0.46799999999999997	0.603	0.40499999999999997	0.509	1.431	0.566	1.262	0.45399999999999996	1.4809999999999999	0.8109999999999999	0.651	0.8069999999999999	0.9039999999999999	1.431
Billings, MT Metro Area 	 45.7874957,-108.49607	0.46299999999999997	0.39599999999999996	0.449	0.41300000000000003	1.0150000000000001	0.43	6.473999999999999	0.414	1.045	0.537	0.594	0.481	0.428	1.0150000000000001
Carson City, NV Metro Area 	 39.1637984,-119.7674034	0.446	0.395	0.388	0.44499999999999995	0.753	0.443	1.304	0.40499999999999997	0.781	0.431	0.397	0.4	0.488	0.753
Cedar Rapids, IA Metro Area 	 41.9758872,-91.6704053	0.41	0.501	0.451	0.741	1.4020000000000001	0.565	1.262	0.433	1.425	0.597	0.516	0.484	0.571	1.4020000000000001
Clarksville, TN-KY Metro Area 	 36.5277607,-87.3588703	0.558	0.501	3.114	0.661	2.574	0.5469999999999999	1.262	0.5	2.69	1.155	0.583	0.787	0.766	2.574
Fargo, ND-MN Metro Area 	 46.877229,-96.789821	0.45199999999999996	2.094	1.91	0.64	1.6869999999999998	0.479	1.262	0.5339999999999999	1.747	0.755	0.75	0.5109999999999999	0.482	1.6869999999999998
Farmington, NM Metro Area 	 36.7304288,-108.2089191	0.40499999999999997	0.6859999999999999	0.652	0.389	0.662	0.393	1.486	0.39	0.629	0.419	0.38699999999999996	0.39399999999999996	0.395	0.662
Fayetteville-Springdale-Rogers, AR-MO Metro Area 	 36.0625843,-94.1574328	0.509	2.944	2.821	0.584	2.342	0.5569999999999999	1.262	0.585	2.426	0.745	0.5469999999999999	0.703	0.8170000000000001	2.342
Fort Smith, AR-OK Metro Area 	 35.3872218,-94.4248983	0.435	1.428	1.328	0.453	1.1039999999999999	0.46099999999999997	1.262	0.443	1.148	0.481	0.484	0.5640000000000001	0.525	1.1039999999999999
Fort Wayne, IN Metro Area 	 41.0799898,-85.1386015	0.45199999999999996	1.7129999999999999	1.5410000000000001	0.647	1.2910000000000001	0.482	1.262	0.48899999999999993	1.3519999999999999	0.599	0.515	0.47300000000000003	0.5569999999999999	1.2910000000000001
Gainesville, FL Metro Area 	 29.67357765,-82.3233746019217	0.516	3.906	3.5469999999999997	0.691	2.776	0.514	1.262	0.5680000000000001	2.931	0.915	0.514	0.9430000000000001	0.909	2.776
Great Falls, MT Metro Area 	 47.5048851,-111.2918908	0.40700000000000003	0.824	0.761	0.419	0.6920000000000001	0.391	3.384	0.397	0.71	0.54	0.474	0.433	0.442	0.6920000000000001
Jackson, MS Metro Area 	 28.5308017,-81.3032443107611	0.513	1.981	1.9189999999999998	0.549	1.639	0.49799999999999994	1.262	0.416	1.704	0.652	2.027	0.5479999999999999	0.496	1.639
Kennewick-Richland, WA Metro Area 	 46.2083948,-119.1202072	0.464	1.858	1.702	0.527	1.4569999999999999	0.553	1.262	0.448	1.517	1.054	2.212	1.391	0.7929999999999999	1.4569999999999999
Kokomo, IN Metro Area 	 40.4864444,-86.1336351	0.388	0.76	0.722	0.43	0.639	0.40099999999999997	1.262	0.386	0.661	0.433	0.871	0.42700000000000005	0.42000000000000004	0.639
Lafayette, LA Metro Area 	 30.2240897,-92.0198427	0.453	2.34	2.1919999999999997	0.554	1.964	0.505	1.262	0.46099999999999997	2.003	0.786	2.507	0.616	0.517	1.964
Lincoln, NE Metro Area 	 40.8,-96.667821	0.574	2.181	1.99	0.608	1.663	0.472	1.262	0.49	1.751	0.764	2.476	0.5770000000000001	0.733	1.663
Missoula, MT Metro Area 	 46.8700801,-113.9952796	1.2570000000000001	1.0939999999999999	1.008	0.464	0.9219999999999999	0.434	6.021	0.417	0.944	0.49	1.106	0.526	0.46900000000000003	0.9219999999999999
Mount Vernon-Anacortes, WA Metro Area 	 48.4200462,-122.32642	1.754	1.1800000000000002	1.08	0.441	1.013	0.483	2.641	0.415	1.0510000000000002	0.625	1.398	0.644	0.648	1.013
Napa, CA Metro Area 	 38.2975,-122.2869	1.6540000000000001	1.159	1.072	0.46799999999999997	0.91	0.416	2.548	0.41	0.9470000000000001	0.491	1.3259999999999998	0.44	0.8490000000000001	0.91
New Bern, NC Metro Area 	 35.1084931,-77.0441143	2.148	1.827	1.6520000000000001	0.593	1.342	0.5519999999999999	5.557	0.444	1.4020000000000001	1.044	1.8639999999999999	0.593	0.562	1.342
Ogden-Clearfield, UT Metro Area 	 41.2230048,-111.9738429	5.893	3.9179999999999997	3.558	0.611	2.868	0.832	1.262	8.09	2.987	1.315	4.776	0.675	0.7290000000000001	2.868
Olympia-Tumwater, WA Metro Area 	 47.0451022,-122.8950075	4.1739999999999995	2.665	2.474	0.622	2.009	0.6819999999999999	1.262	5.819999999999999	2.101	1.1340000000000001	3.234	0.955	1.1440000000000001	2.009
Peoria, IL Metro Area 	 40.6938609,-89.5891008	2.2569999999999997	1.522	1.435	0.504	1.411	0.47600000000000003	1.262	2.617	1.479	0.626	1.692	0.516	0.512	1.411
Pueblo, CO Metro Area 	 38.187635,-104.5350145	1.01	1.092	1.258	0.432	1.0230000000000001	1.303	1.425	1.2229999999999999	1.074	0.49799999999999994	0.9859999999999999	0.41800000000000004	0.429	1.0230000000000001
Racine, WI Metro Area 	 42.7260523,-87.7825242	1.4469999999999998	1.012	0.924	0.40099999999999997	0.9309999999999999	1.157	1.9889999999999999	1.02	0.973	0.474	1.1720000000000002	0.457	0.449	0.9309999999999999
Santa Fe, NM Metro Area 	 35.6869996,-105.9377997	1.2260000000000002	1.0219999999999998	1.0070000000000001	2.016	1.0250000000000001	1.81	2.834	1.441	0.9219999999999999	0.49299999999999994	1.095	0.449	2.989	1.0250000000000001
Santa Rosa, CA Metro Area 	 38.4404,-122.7141	4.132000000000001	2.633	2.362	10.248	1.936	7.377	1.262	5.539	2.0300000000000002	1.088	3.241	0.526	7.424	1.936
Vallejo-Fairfield, CA Metro Area 	 38.1040864,-122.2566367	5.353	3.3249999999999997	2.9859999999999998	12.656	2.421	9.431000000000001	1.262	6.87	2.541	1.2730000000000001	4.034000000000001	9.527000000000001	8.011000000000001	2.421
Visalia-Porterville, CA Metro Area 	 36.3302284,-119.2920585	2.439	2.111	1.8860000000000001	4.615	1.629	4.038	1.262	3.206	1.7129999999999999	2.7070000000000003	2.042	8.684000000000001	6.161	1.629
Yuma, AZ Metro Area 	 32.6926588,-114.6276157	2.66	1.914	1.721	4.258	1.387	3.219	1.262	3.423	1.453	19.327	2.215	8.154	6.2589999999999995	1.387
Hammond, LA Metro Area 	 41.5833658,-87.500043	0.41800000000000004	1.3940000000000001	1.262	0.457	1.2049999999999998	0.391	2.4949999999999997	0.392	1.267	0.574	0.46299999999999997	0.395	0.41800000000000004	1.2049999999999998
Johnson City, TN Metro Area 	 36.3134398,-82.3534728	0.40900000000000003	1.646	1.482	0.47100000000000003	1.2489999999999999	0.414	1.88	0.49	1.2910000000000001	0.5860000000000001	2.0820000000000003	0.44	0.67	1.2489999999999999
Merced, CA Metro Area 	 37.3029568,-120.4843269	2.7369999999999997	1.9369999999999998	1.734	0.522	1.405	0.42700000000000005	1.262	0.45899999999999996	1.472	0.5810000000000001	2.2	0.43600000000000005	1.304	1.405
Pocatello, ID Metro Area 	 42.8688613,-112.4401098	0.9840000000000001	0.907	0.862	0.397	0.847	1.338	1.6340000000000001	1.118	0.874	0.49	0.912	0.414	0.408	0.847
Winston-Salem, NC Metro Area 	 36.0999,-80.2442	3.3080000000000003	3.1470000000000002	2.881	5.351	2.6670000000000003	5.289000000000001	1.262	4.022	2.833	67.54	2.791	13.052	9.204	2.6670000000000003
Aguadilla-Isabela, PR Metro Area 	 18.44215415,-67.1473105463995	0.41300000000000003	0.443	0.39	0.524	0.696	0.48899999999999993	1.262	0.419	0.447	0.49799999999999994	0.494	0.438	0.48000000000000004	0.696
Casper, WY Metro Area 	 38.3067052,-122.3465718	0.398	0.391	0.435	0.422	0.695	0.432	2.385	0.414	0.7110000000000001	0.43600000000000005	0.447	0.40299999999999997	0.432	0.695
Chambersburg-Waynesboro, PA Metro Area 	 39.9405903,-77.6598624	0.45899999999999996	0.435	0.491	0.496	1.001	0.40499999999999997	4.859999999999999	0.434	1.045	0.92	0.477	0.62	0.5720000000000001	1.001
Charlottesville, VA Metro Area 	 38.029306,-78.4766781	0.46	0.419	0.519	0.85	1.7409999999999999	0.7240000000000001	1.262	0.516	1.827	1.149	0.524	1.539	1.269	1.7409999999999999
East Stroudsburg, PA Metro Area 	 40.9995386,-75.1812913	0.479	1.071	0.98	0.5810000000000001	0.93	0.495	4.922000000000001	0.432	0.866	0.679	0.429	0.6040000000000001	0.524	0.93
Elizabethtown-Fort Knox, KY Metro Area 	 37.693952,-85.8591285	0.444	1.941	1.789	0.434	1.432	0.431	2.7529999999999997	0.45	1.502	0.982	0.422	0.553	0.47100000000000003	1.432
Gettysburg, PA Metro Area 	 39.8309399,-77.2310908	0.38699999999999996	0.883	0.83	0.429	0.789	0.41300000000000003	4.401000000000001	0.41	0.8130000000000001	2.625	0.424	0.484	0.491	0.789
Hanford-Corcoran, CA Metro Area 	 36.3274502,-119.6456844	0.5760000000000001	1.835	1.649	0.5599999999999999	1.4909999999999999	0.45399999999999996	5.939	0.618	1.5690000000000002	0.7110000000000001	0.477	0.47800000000000004	0.7110000000000001	1.4909999999999999
Morristown, TN Metro Area 	 36.2139814,-83.2948923	1.2080000000000002	1.1800000000000002	1.088	0.404	0.972	0.392	2.074	0.415	0.982	0.716	1.474	0.419	0.46	0.972
Ocean City, NJ Metro Area 	 39.2776156,-74.5746001	1.1150000000000002	0.7969999999999999	0.741	0.45	0.6849999999999999	0.429	1.262	1.258	0.708	0.449	0.916	0.502	0.422	0.6849999999999999
Staunton-Waynesboro, VA Metro Area 	 38.1496,-79.0717	1.312	1.05	0.958	2.372	0.856	2.381	2.7929999999999997	1.675	0.88	0.704	1.0759999999999998	6.561	4.431	0.856
Stockton-Lodi, CA Metro Area 	 38.1341, -121.2722	7.058	4.277	3.796	15.815	3.0170000000000003	12.005999999999998	1.262	8.831	3.189	1.74	5.244000000000001	12.482	11.41	3.0170000000000003
Topeka, KS Metro Area 	 39.049011,-95.677556	1.601	1.4649999999999999	1.3359999999999999	2.467	1.103	2.003	1.262	1.589	1.157	1.2229999999999999	1.657	5.481	3.985	1.103
Williamsport, PA Metro Area 	 41.2493292,-77.0027671	1.062	0.869	0.809	1.4829999999999999	0.733	1.466	9.084999999999999	1.15	0.744	10.631	0.909	2.663	2.128	0.733
Abilene, TX Metro Area 	 32.4466741,-99.7333011	0.5640000000000001	0.518	0.533	0.531	1.5230000000000001	0.422	4.505999999999999	0.514	0.524	0.8350000000000001	0.475	0.506	0.712	1.5230000000000001
Fond du Lac, WI Metro Area 	 43.7748763,-88.4458033	0.428	0.8260000000000001	0.785	0.408	0.705	0.39	1.3290000000000002	0.39399999999999996	0.7240000000000001	0.5519999999999999	0.432	0.483	0.49799999999999994	0.705
Grand Junction, CO Metro Area 	 39.063956,-108.5507317	0.45899999999999996	1.428	1.317	0.43600000000000005	1.109	0.444	1.577	0.431	1.173	0.5	0.41100000000000003	0.507	0.45899999999999996	1.109
Madera, CA Metro Area 	 37.1716264,-119.7737991	1.32	1.274	1.155	0.448	1.019	0.402	2.691	0.462	1.05	0.5	1.286	0.438	0.575	1.019
Owensboro, KY Metro Area 	 37.7742152,-87.1133304	0.771	0.739	0.699	0.41	0.631	0.415	2.978	0.8220000000000001	0.648	0.441	0.777	0.397	0.42000000000000004	0.631
St. Cloud, MN Metro Area 	 45.5616075,-94.1642004	3.5860000000000003	2.134	1.9200000000000002	3.007	1.5479999999999998	2.4789999999999996	2.185	1.692	1.625	0.7200000000000001	2.621	0.491	0.5760000000000001	1.5479999999999998
Appleton, WI Metro Area 	 44.2611337,-88.4067604	0.441	0.399	0.42700000000000005	0.47800000000000004	1.321	0.419	1.262	0.433	0.45	0.526	0.453	0.488	0.709	1.321
Danville, IL Metro Area 	 40.125222,-87.6304614	0.39	0.629	0.599	0.444	0.614	0.424	1.2750000000000001	0.38699999999999996	0.628	0.446	0.391	0.398	0.46599999999999997	0.614
Dubuque, IA Metro Area 	 42.5006217,-90.6647967	0.389	0.796	0.757	0.444	0.754	0.422	1.5659999999999998	0.38499999999999995	0.781	0.42000000000000004	0.399	0.416	0.40299999999999997	0.754
Eau Claire, WI Metro Area 	 44.811349,-91.4984941	0.448	1.165	1.08	0.456	0.928	0.4	1.656	0.389	0.9560000000000001	0.937	0.5419999999999999	0.599	0.5760000000000001	0.928
Oshkosh-Neenah, WI Metro Area 	 44.0206919,-88.5408574	1.696	1.406	1.331	0.527	1.385	0.435	3.3019999999999996	1.82	1.2069999999999999	0.665	1.374	0.627	0.8019999999999999	1.385
Rochester, MN Metro Area 	 44.0234387,-92.4630182	1.645	1.2049999999999998	1.108	2.876	0.962	2.18	1.262	1.5690000000000002	0.973	0.514	1.3860000000000001	0.428	0.484	0.962
Sioux City, IA-NE-SD Metro Area 	 42.4966815,-96.4058782	1.3	0.9970000000000001	0.9219999999999999	2.816	0.815	1.997	1.657	1.7080000000000002	0.825	0.502	1.1260000000000001	5.884	3.5	0.815
Waterloo-Cedar Falls, IA Metro Area 	 42.4979693,-92.3329637	1.095	1.1	1.047	2.129	1.0219999999999998	1.666	6.008	1.216	1.021	7.579	1.05	3.315	2.381	1.0219999999999998
Wausau, WI Metro Area 	 44.9596017,-89.6298239	0.9169999999999999	0.7789999999999999	0.723	1.1509999999999998	0.6759999999999999	1.0839999999999999	7.962000000000001	0.993	0.6930000000000001	7.171	0.823	1.553	1.171	0.6759999999999999
Albany, GA Metro Area 	 31.5785,-84.1557	0.421	0.45899999999999996	0.392	0.482	0.976	0.417	1.747	0.423	0.43	0.49700000000000005	0.40099999999999997	0.43600000000000005	0.508	0.976
Bangor, ME Metro Area 	 44.8016,-68.7712	0.429	0.482	0.39	0.441	0.859	0.437	4.984	0.408	0.883	0.46599999999999997	0.49299999999999994	0.422	0.4	0.859
El Centro, CA Metro Area 	 32.7920,-115.5631	0.494	1.106	1.003	0.516	0.8540000000000001	0.442	2.521	0.41100000000000003	0.887	0.713	0.40299999999999997	0.421	0.462	0.8540000000000001
Greenville, NC Metro Area 	 35.612661,-77.3663538	0.565	2.0509999999999997	1.868	1.02	1.666	0.6759999999999999	6.165	0.453	1.746	1.599	0.596	0.518	0.54	1.666
Idaho Falls, ID Metro Area 	 43.4935245,-112.0400919	0.41100000000000003	0.983	0.9169999999999999	0.40099999999999997	0.871	0.455	1.805	0.406	0.895	0.597	1.123	0.479	0.443	0.871
Janesville-Beloit, WI Metro Area 	 42.6829765,-89.0226793	0.41300000000000003	1.1119999999999999	1.0219999999999998	0.43	0.92	0.40900000000000003	1.881	0.40700000000000003	0.948	0.559	1.305	0.447	0.48000000000000004	0.92
Lewiston, ID-WA Metro Area 	 46.4165506,-117.0176569	0.402	0.636	0.632	0.39399999999999996	0.598	0.402	1.415	0.39	0.612	0.40700000000000003	0.7110000000000001	0.537	0.414	0.598
Rome, GA Metro Area 	 34.257038,-85.1646726	0.9169999999999999	0.713	0.695	1.281	0.789	1.3179999999999998	1.262	0.941	0.646	0.446	0.786	0.40299999999999997	0.479	0.789
Ames, IA Metro Area 	 42.0267703,-93.6170554	0.43	0.47100000000000003	0.444	0.5640000000000001	1.365	0.51	2.157	0.46900000000000003	0.457	0.571	0.437	0.448	0.58	1.365
Battle Creek, MI Metro Area 	 42.3192548,-85.1824269	0.391	0.426	0.415	0.486	1.063	0.431	5.2	0.402	1.1119999999999999	0.618	0.5680000000000001	0.425	0.48700000000000004	1.063
Burlington, NC Metro Area 	 36.0956918,-79.4377991	0.395	0.432	0.41	0.44	1.161	0.408	1.719	0.417	1.22	0.971	0.399	0.41800000000000004	0.435	1.161
Hickory-Lenoir-Morganton, NC Metro Area 	 35.7333312,-81.3442915	0.44499999999999995	1.2979999999999998	1.227	0.518	1.36	0.47600000000000003	1.262	0.419	1.3719999999999999	1.0690000000000002	0.43600000000000005	0.479	0.48500000000000004	1.36
Kankakee, IL Metro Area 	 41.1200325,-87.8611531	0.382	0.5950000000000001	0.5860000000000001	0.391	0.684	0.38699999999999996	1.262	0.38699999999999996	0.7060000000000001	0.434	0.636	0.38499999999999995	0.388	0.684
Muskegon, MI Metro Area 	 43.2341813,-86.2483921	0.99	1.315	1.196	0.449	0.962	0.39	1.295	0.404	1.012	0.482	0.9510000000000001	0.412	0.40299999999999997	0.962
Tuscaloosa, AL Metro Area 	 33.490251,-86.859181	2.2039999999999997	1.858	1.748	3.2529999999999997	1.812	3.153	1.262	2.2399999999999998	1.866	0.6849999999999999	2.009	7.229	5.036	1.812
Bowling Green, KY Metro Area 	 36.9903199,-86.4436018	0.553	0.504	0.406	0.494	1.286	0.42000000000000004	3.692	0.528	1.332	0.6819999999999999	0.437	0.5	0.553	1.286
Daphne-Fairhope-Foley, AL Metro Area 	 30.6035255,-87.9036047	0.47600000000000003	1.544	1.4	0.479	1.321	0.464	2.901	0.477	1.361	0.5860000000000001	0.438	0.507	0.46900000000000003	1.321
Decatur, AL Metro Area 	 40.855019,-78.269096	0.462	1.177	1.05	0.5479999999999999	0.9650000000000001	0.416	12.846	0.46	1.004	0.533	0.465	0.5199999999999999	0.47100000000000003	0.9650000000000001
Gadsden, AL Metro Area 	 33.565356,-86.783621	0.437	0.6669999999999999	0.64	0.447	0.728	0.439	1.262	0.386	0.6849999999999999	0.472	0.397	0.467	0.398	0.728
Mobile, AL Metro Area 	 39.092585,-84.853229	2.154	1.949	1.8159999999999998	0.5810000000000001	1.521	0.501	1.262	0.404	1.582	0.6589999999999999	1.861	0.606	0.5760000000000001	1.521
Kingsport-Bristol-Bristol, TN-VA Metro Area 	 36.550238,-82.5594293	0.507	1.845	1.6689999999999998	0.507	1.4120000000000001	0.465	1.262	0.423	1.467	0.562	2.339	0.596	0.6880000000000001	1.4120000000000001
Rocky Mount, NC Metro Area 	 35.9423833,-77.7956949	1.232	0.9940000000000001	0.9179999999999999	1.9829999999999999	0.837	2.1350000000000002	1.296	1.567	0.837	0.5519999999999999	0.9959999999999999	0.443	0.406	0.837
Columbus, IN Metro Area 	 39.730727,-82.604837	0.412	0.39399999999999996	0.819	0.491	0.732	0.40499999999999997	1.555	0.39	0.756	0.5519999999999999	0.404	0.406	0.42700000000000005	0.732
Hot Springs, AR Metro Area 	 34.5037,-93.0552	0.467	1.006	0.992	0.465	0.875	0.48899999999999993	1.471	0.458	0.895	0.467	0.421	0.46299999999999997	0.55	0.875
Jackson, TN Metro Area 	 35.6144446,-88.8177418	0.441	1.059	1.008	0.42700000000000005	0.821	0.395	1.9940000000000002	0.388	0.8809999999999999	0.482	1.2260000000000002	0.40299999999999997	0.422	0.821
Kahului-Wailuku-Lahaina, HI Metro Area 	 20.8894101,-156.4727118	0.423	1.048	0.977	0.429	0.86	0.434	2.6879999999999997	0.4	0.8899999999999999	0.481	1.238	0.5609999999999999	0.505	0.86
Laredo, TX Metro Area 	 27.5199841,-99.4953764	0.391	0.824	0.858	0.482	0.8099999999999999	0.43	1.262	0.419	0.8400000000000001	0.448	0.848	0.583	0.486	0.8099999999999999
Wenatchee, WA Metro Area 	 47.4234599,-120.3103494	1.193	0.856	0.8	2.669	0.741	1.951	6.029	1.413	0.763	13.31	0.9779999999999999	3.4299999999999997	4.705	0.741
Cumberland, MD-WV Metro Area 	 39.6528509,-78.7624714	0.416	0.393	0.726	0.415	0.696	0.39599999999999996	1.492	0.399	0.7200000000000001	0.6880000000000001	0.41800000000000004	0.648	0.601	0.696
St. George, UT Metro Area 	 37.104153,-113.5841313	2.56	1.907	1.732	4.5409999999999995	1.4009999999999998	4.08	3.895	3.33	1.451	0.88	2.276	0.47300000000000003	0.44499999999999995	1.4009999999999998
St. Joseph, MO-KS Metro Area 	 39.7686055,-94.8466322	1.236	1.355	1.206	2.6519999999999997	0.987	2.048	3.177	1.4809999999999999	1.0250000000000001	0.48000000000000004	1.61	0.479	0.438	0.987
