Location	Coordinates	pr	pr_drop_sf	pr_drop_nyc	pr_drop_la	pr_drop_houston	pr_drop_seattle	pr_drop_dc	pr_drop_atl	pr_drop_chicago	pr_drop_riverside	pr_drop_dallas	pr_drop_phoenix
Albuquerque, NM Metro Area 	 35.0841034,-106.6509851	3.059	1.019	0.674	0.584	0.5379999999999999	0.833	1.1340000000000001	0.5109999999999999	0.447	0.727	0.5609999999999999	0.819
Allentown-Bethlehem-Easton, PA-NJ Metro Area 	 40.6022059,-75.4712794	2.502	0.9560000000000001	0.7789999999999999	0.6589999999999999	0.48700000000000004	0.925	1.07	0.526	0.641	0.949	0.525	0.598
Amarillo, TX Metro Area 	 35.2072185,-101.8338246	1.15	0.5950000000000001	0.507	0.46099999999999997	0.447	0.517	0.502	0.45899999999999996	0.46099999999999997	0.449	0.496	0.40499999999999997
Anchorage, AK Metro Area 	 61.1758781,-149.1107333	1.915	0.768	0.46599999999999997	0.533	0.51	0.694	0.6589999999999999	0.509	0.458	0.585	0.47	0.53
Atlanta-Sandy Springs-Roswell, GA Metro Area 	 33.7490987,-84.3901849	17.451999999999998	3.934	2.453	2.274	1.567	2.6870000000000003	6.687	1.896	1.0959999999999999	4.2509999999999994	1.76	2.644
Austin-Round Rock, TX Metro Area 	 30.2711286,-97.7436995	10.762	2.6029999999999998	1.266	1.209	1.6360000000000001	1.807	3.355	11.384	1.016	1.524	1.592	0.993
Bakersfield, CA Metro Area 	 35.3738712,-119.0194639	3.276	1.137	0.8130000000000001	1.109	0.7010000000000001	0.5509999999999999	1.3519999999999999	3.4650000000000003	0.46799999999999997	0.879	0.484	0.592
Baltimore-Columbia-Towson, MD Metro Area 	 39.2908816,-76.610759	7.39	2.553	1.4369999999999998	1.026	1.239	2.653	6.498	7.798	0.842	2.2920000000000003	0.785	0.9959999999999999
Baton Rouge, LA Metro Area 	 30.4459596,-91.18738	3.404	0.8220000000000001	0.48000000000000004	0.7060000000000001	0.767	0.755	1.211	3.558	0.47300000000000003	0.78	0.5950000000000001	0.5680000000000001
Beaumont-Port Arthur, TX Metro Area 	 30.0860459,-94.1018461	2.006	0.713	0.526	0.47	0.605	0.528	0.6980000000000001	2.068	0.48500000000000004	0.5	0.627	0.522
Birmingham-Hoover, AL Metro Area 	 33.570499,-86.765783	4.2459999999999996	1.099	0.7010000000000001	0.755	0.71	2.8449999999999998	1.616	4.301	0.83	1.173	0.743	1.469
Boise City, ID Metro Area 	 43.60081625,-116.242110153775	2.7279999999999998	0.8170000000000001	0.535	0.629	0.909	0.874	0.982	2.837	0.506	0.607	0.46099999999999997	0.737
Boston-Cambridge-Newton, MA-NH Metro Area 	 42.3602534,-71.0582912	10.843	1.88	1.706	1.1280000000000001	1.014	1.3699999999999999	9.131	11.392	0.669	2.675	0.9510000000000001	1.2
Brownsville-Harlingen, TX Metro Area 	 25.9140256,-97.4890856	1.077	0.446	0.422	0.41800000000000004	0.49700000000000005	0.41100000000000003	0.49200000000000005	1.1260000000000001	0.4	0.486	0.45199999999999996	0.404
Buffalo-Cheektowaga-Niagara Falls, NY Metro Area 	 42.8867166,-78.8783922	2.089	0.58	0.745	0.46900000000000003	0.474	0.587	0.869	2.15	0.46099999999999997	0.63	0.472	0.488
Charleston-North Charleston, SC Metro Area 	 32.7876012,-79.9402728	4.0889999999999995	1.276	0.633	0.612	0.68	1.078	2.056	4.2170000000000005	0.483	0.987	0.781	0.65
Charlotte-Concord-Gastonia, NC-SC Metro Area 	 35.2270869,-80.8431268	8.857000000000001	1.711	1.027	0.859	0.962	1.609	6.819000000000001	9.139	1.003	1.766	0.9	1.129
Cheyenne, WY Metro Area 	 34.1712252,-118.8433527	0.853	0.475	0.44499999999999995	0.426	0.447	0.431	0.447	0.885	0.404	0.414	0.399	0.41300000000000003
Chicago-Naperville-Elgin, IL-IN-WI Metro Area 	 41.8755616,-87.6244212	15.976	2.8960000000000004	1.536	1.428	2.054	2.718	6.127	16.614	1.496	2.79	1.468	1.8359999999999999
Cleveland-Elyria, OH Metro Area 	 41.5051613,-81.6934446	4.2490000000000006	1.216	0.6	0.635	0.767	1.1150000000000002	1.349	4.018	4.531999999999999	0.9990000000000001	0.609	0.669
College Station-Bryan, TX Metro Area 	 30.6253463,-96.3271538	3.108	0.9909999999999999	0.642	0.499	0.716	0.8450000000000001	0.851	3.312	3.785	0.6819999999999999	0.752	0.46799999999999997
Colorado Springs, CO Metro Area 	 38.8339578,-104.8253485	5.35	1.072	1.002	0.763	0.776	1.075	2.296	5.687	6.846	0.967	0.6539999999999999	0.828
Columbia, SC Metro Area 	 34.0007493,-81.0343313	4.969	1.7750000000000001	0.673	0.8310000000000001	0.785	1.6620000000000001	1.874	5.224	5.33	1.363	0.919	0.6930000000000001
Corpus Christi, TX Metro Area 	 27.8002542,-97.3955744	2.634	0.8360000000000001	0.638	0.602	0.7	0.642	0.8490000000000001	2.8019999999999996	3.164	0.722	0.621	0.514
Dallas-Fort Worth-Arlington, TX Metro Area 	 32.7762719,-96.7968559	19.691	6.6610000000000005	2.938	2.2569999999999997	2.473	4.398	7.839	20.500999999999998	23.494999999999997	2.686	2.441	1.745
Dayton, OH Metro Area 	 39.7589478,-84.1916069	3.37	1.297	0.5559999999999999	0.532	0.6449999999999999	0.778	1.011	3.534	4.205	1.1119999999999999	3.3240000000000003	0.549
Denver-Aurora-Lakewood, CO Metro Area 	 39.7348381,-104.9653271	11.733	1.841	1.272	1.161	1.155	1.534	3.686	12.355	13.334	1.469	13.344999999999999	1.22
Detroit-Warren-Dearborn, MI Metro Area 	 42.3315509,-83.0466403	7.118	1.167	1.06	0.967	1.466	1.155	2.766	6.832999999999999	8.021	1.377	8.734	0.791
El Paso, TX Metro Area 	 31.7600372,-106.487287	3.194	0.761	0.752	0.879	0.5680000000000001	0.867	1.52	3.392	4.001	0.748	4.341	0.657
Fairbanks, AK Metro Area 	 64.837845,-147.716675	1.1329999999999998	0.475	0.41800000000000004	0.425	0.40499999999999997	0.49299999999999994	0.5609999999999999	1.155	1.2899999999999998	0.435	1.2750000000000001	0.467
Fayetteville, NC Metro Area 	 35.0525759,-78.878292	2.828	0.772	0.54	0.596	0.626	0.87	1.428	2.992	3.392	0.828	3.438	0.633
Flagstaff, AZ Metro Area 	 35.199458,-111.6514259	1.585	0.495	0.46599999999999997	0.533	0.437	0.5469999999999999	0.8019999999999999	1.665	1.9719999999999998	0.494	2.178	0.747
Fresno, CA Metro Area 	 36.7295295,-119.708861260756	3.058	1.497	1.138	0.848	1.113	0.655	1.57	3.215	3.633	0.7929999999999999	4.044	0.521
Gainesville, GA Metro Area 	 34.2978794,-83.8240663	1.289	0.449	0.441	0.435	0.42700000000000005	0.464	0.585	0.948	0.969	0.509	1.013	0.443
Grand Rapids-Wyoming, MI Metro Area 	 42.9142413,-85.533004	3.32	0.993	0.643	0.518	1.145	0.603	1.191	3.52	4.083	0.8450000000000001	4.49	0.571
Gulfport-Biloxi-Pascagoula, MS Metro Area 	 30.3674198,-89.0928155	2.1940000000000004	0.7	0.502	0.5810000000000001	0.526	0.704	0.803	2.307	2.779	0.71	2.957	0.57
Hilton Head Island-Bluffton-Beaufort, SC Metro Area 	 32.1618488,-80.7512616	1.882	0.634	0.47300000000000003	0.49	0.48000000000000004	0.5609999999999999	1.138	1.939	2.169	0.612	2.286	0.491
Houston-The Woodlands-Sugar Land, TX Metro Area 	 29.7589382,-95.3676974	17.526	3.9699999999999998	1.84	1.552	1.906	3.406	6.335999999999999	18.544	20.244999999999997	2.442	19.383999999999997	1.59
Indianapolis-Carmel-Anderson, IN Metro Area 	 39.7683331,-86.1583502	5.982	2.6740000000000004	0.897	0.736	8.121	1.093	2.4499999999999997	6.3229999999999995	6.9030000000000005	2.322	7.2059999999999995	1.439
Jacksonville, FL Metro Area 	 30.3321838,-81.655651	6.433999999999999	1.5510000000000002	0.857	0.8350000000000001	10.292000000000002	1.6219999999999999	2.2369999999999997	6.667	7.933000000000001	1.2979999999999998	8.67	0.8140000000000001
Jacksonville, NC Metro Area 	 34.7494749,-77.4208221	2.285	0.712	0.536	0.5569999999999999	3.654	0.727	2.2659999999999996	2.401	2.852	1.003	3.089	0.5730000000000001
Joplin, MO Metro Area 	 37.08418,-94.51323	0.909	0.441	0.43	0.424	1.1540000000000001	0.502	0.486	0.934	1.056	0.446	1.163	0.431
Kansas City, MO-KS Metro Area 	 39.100105,-94.5781416	6.378	1.467	1.2229999999999999	0.712	9.977	1.9929999999999999	3.98	6.696	8.024	2.275	8.649000000000001	1.0959999999999999
Killeen-Temple, TX Metro Area 	 31.1171441,-97.727796	3.993	1.375	0.735	0.6819999999999999	5.335999999999999	1.2149999999999999	2.548	4.256	4.827	0.898	4.827999999999999	0.753
Knoxville, TN Metro Area 	 35.9603948,-83.9210261	3.233	0.9319999999999999	0.544	0.5630000000000001	4.974	0.7649999999999999	1.183	3.32	3.706	0.713	3.987	0.5820000000000001
Lake Charles, LA Metro Area 	 30.2265949,-93.2173759	1.183	0.477	0.395	0.404	1.3639999999999999	0.428	0.506	1.2229999999999999	1.2080000000000002	0.448	1.35	0.416
Las Cruces, NM Metro Area 	 32.3140354,-106.7798078	1.145	0.516	0.421	0.474	1.307	0.541	0.589	1.129	1.3290000000000002	0.481	1.496	0.457
Las Vegas-Henderson-Paradise, NV Metro Area 	 36.1662859,-115.149225	7.952000000000001	1.865	1.056	1.495	13.296000000000001	1.489	2.67	8.363000000000001	9.915000000000001	1.382	10.992999999999999	1.261
Lawrence, KS Metro Area 	 38.9719384,-95.2359496	1.351	0.46799999999999997	0.41800000000000004	0.41300000000000003	2.206	0.559	1.357	1.418	1.645	0.477	1.797	0.432
Lawton, OK Metro Area 	 34.6086854,-98.3903305	1.689	0.758	0.46299999999999997	0.49299999999999994	2.448	0.5760000000000001	0.969	1.778	2.058	0.611	2.064	0.44
Little Rock-North Little Rock-Conway, AR Metro Area 	 34.7464809,-92.2895948	2.494	1.056	0.8109999999999999	0.6849999999999999	3.303	0.78	1.131	2.5820000000000003	3.044	0.666	3.3089999999999997	0.866
Longview, TX Metro Area 	 32.5007038,-94.7404891	1.5330000000000001	1.278	0.74	0.416	1.827	0.559	0.5419999999999999	1.609	1.829	0.433	1.6509999999999998	0.428
Los Angeles-Long Beach-Anaheim, CA Metro Area 	 34.0536909,-118.2427666	21.238	5.585	2.075	5.671	37.403999999999996	2.529	5.787	22.459	26.57	4.444	29.803	2.7889999999999997
Lubbock, TX Metro Area 	 33.5778631,-101.8551665	2.4589999999999996	0.8140000000000001	0.578	2.996	2.6710000000000003	0.607	0.7969999999999999	2.518	2.857	0.612	2.489	0.449
Lynchburg, VA Metro Area 	 37.40088,-79.1844923945909	1.563	0.656	0.475	3.013	2.326	0.691	1.018	1.6199999999999999	1.786	1.2069999999999999	1.951	0.53
McAllen-Edinburg-Mission, TX Metro Area 	 26.2043691,-98.230082	1.7080000000000002	0.593	0.444	2.2039999999999997	1.8699999999999999	0.58	0.6819999999999999	1.804	1.8860000000000001	0.47800000000000004	1.977	0.458
Memphis, TN-MS-AR Metro Area 	 35.1490215,-90.0516285	3.454	0.886	0.666	5.585999999999999	5.242	0.9520000000000001	1.3840000000000001	3.564	4.037	0.775	4.436	0.755
Miami-Fort Lauderdale-West Palm Beach, FL Metro Area 	 25.7742658,-80.1936589	12.540000000000001	2.5709999999999997	1.779	27.720000000000002	21.017	2.1220000000000003	4.581	12.997	15.199	2.306	16.708000000000002	1.066
Midland, TX Metro Area 	 31.9973662,-102.0779482	1.532	0.731	0.727	2.3040000000000003	2.435	0.5720000000000001	0.621	1.625	1.8840000000000001	0.606	1.9949999999999999	0.435
Minneapolis-St. Paul-Bloomington, MN-WI Metro Area 	 44.9772995,-93.2654692	8.494	2.1519999999999997	1.047	14.989	11.668	1.659	3.873	8.788	10.135	1.433	11.081999999999999	1.306
Monroe, LA Metro Area 	 38.2722313,-90.1792484	0.9269999999999999	0.417	0.41300000000000003	1.5590000000000002	1.221	0.429	0.514	0.9510000000000001	1.059	0.41800000000000004	1.088	0.41800000000000004
New York-Newark-Jersey City, NY-NJ-PA Metro Area 	 40.7127281,-74.0060152	20.497	4.019	3.6470000000000002	39.085	30.908	4.038	8.319999999999999	20.775	22.958	3.645	25.076999999999998	2.048
Ocala, FL Metro Area 	 29.1924213,-82.1352047	2.3440000000000003	1.3259999999999998	6.3870000000000005	4.930000000000001	3.7750000000000004	1.769	0.9909999999999999	2.502	2.8930000000000002	1.093	3.182	0.8069999999999999
Odessa, TX Metro Area 	 31.8457149,-102.367687	1.345	0.74	1.7830000000000001	1.8860000000000001	2.1	0.589	0.62	1.411	1.578	0.662	1.771	0.451
Oklahoma City, OK Metro Area 	 35.4729886,-97.5170536	4.497	1.373	10.512	8.243	6.732	1.479	2.399	4.7299999999999995	5.7299999999999995	0.9179999999999999	5.679	0.633
Omaha-Council Bluffs, NE-IA Metro Area 	 41.2587317,-95.9378732	2.983	1.356	5.348000000000001	4.333	4.4479999999999995	1.0050000000000001	1.409	3.1029999999999998	3.646	0.873	3.948	0.565
Orlando-Kissimmee-Sanford, FL Metro Area 	 28.5479786,-81.4127841856302	10.873000000000001	2.578	26.387	23.615000000000002	19.059	2.291	3.506	11.584999999999999	14.120000000000001	1.89	15.491	1.271
Oxnard-Thousand Oaks-Ventura, CA Metro Area 	 34.1976308,-119.1803818	2.7720000000000002	1.0959999999999999	5.936	4.407	4.632	0.587	0.861	2.9290000000000003	3.364	0.8069999999999999	3.731	0.553
Palm Bay-Melbourne-Titusville, FL Metro Area 	 28.0331886,-80.6429695	2.974	0.741	7.749	6.26	4.782	0.82	1.1460000000000001	3.15	3.7279999999999998	0.924	4.107	0.48899999999999993
Panama City, FL Metro Area 	 30.165156,-85.6605595	1.64	0.599	3.29	2.675	2.245	0.518	0.6759999999999999	1.6980000000000002	1.9480000000000002	0.5810000000000001	2.062	0.451
Pensacola-Ferry Pass-Brent, FL Metro Area 	 30.421309,-87.2169149	3.653	0.889	7.719	6.0889999999999995	5.253	0.856	1.391	3.7680000000000002	4.4799999999999995	0.856	4.54	0.566
Phoenix-Mesa-Scottsdale, AZ Metro Area 	 33.4485866,-112.0773456	15.620000000000001	3.373	37.68	29.179	24.614	3.408	7.269	16.459000000000003	19.395	2.367	21.302999999999997	3.898
Portland-Vancouver-Hillsboro, OR-WA Metro Area 	 45.5202471,-122.6741949	9.407	2.4650000000000003	22.020999999999997	17.043	13.915000000000001	2.493	3.6510000000000002	9.729	11.273	1.6520000000000001	12.024	27.529999999999998
Prescott, AZ Metro Area 	 34.5399962,-112.4687616	1.802	0.527	5.0280000000000005	3.6879999999999997	2.927	0.537	0.924	1.889	2.2399999999999998	0.501	2.4949999999999997	3.5829999999999997
Providence-Warwick, RI-MA Metro Area 	 41.8240,-71.4128	3.767	0.721	7.135	6.36	4.841	0.594	2.5820000000000003	3.974	3.5509999999999997	0.86	3.907	8.749
Raleigh, NC Metro Area 	 35.7803977,-78.6390989	5.764	1.044	10.588000000000001	8.479000000000001	6.721	0.975	4.869	5.995	6.571	1.6900000000000002	7.197	13.529
Redding, CA Metro Area 	 40.5863563,-122.3916754	1.0690000000000002	0.66	2.388	1.788	1.4749999999999999	0.451	0.644	1.103	1.209	0.482	1.264	2.985
Reno, NV Metro Area 	 39.52927,-119.8136744	2.287	0.967	5.203	3.822	3.64	0.6669999999999999	1.279	2.379	2.6710000000000003	0.6819999999999999	2.954	7.255
Riverside-San Bernardino-Ontario, CA Metro Area 	 33.9806, -117.3755	13.225000000000001	2.917	24.712	18.968	24.445	1.748	5.015000000000001	14.062	17.222	3.408	19.406	30.891
Sacramento--Roseville--Arden-Arcade, CA Metro Area 	 38.5815719,-121.4943996	7.308	5.066	21.58	15.450000000000001	12.621	1.555	7.6129999999999995	7.665	9.181	36.201	10.211	29.11
St. Louis, MO-IL Metro Area 	 38.6268039,-90.1994097	5.917000000000001	1.212	12.576	10.479000000000001	8.555	1.294	2.79	6.1770000000000005	6.893	20.962999999999997	7.257000000000001	17.49
Salt Lake City, UT Metro Area 	 40.7670126,-111.8904308	4.7749999999999995	0.954	13.731	10.086	7.967999999999999	0.868	1.877	4.981	5.92	12.534	6.53	14.783
San Angelo, TX Metro Area 	 31.4648357,-100.4398442	1.325	0.541	2.156	1.84	1.6800000000000002	0.496	0.5810000000000001	1.348	1.492	3.3289999999999997	1.466	2.816
San Antonio-New Braunfels, TX Metro Area 	 29.4246002,-98.4951405	9.306999999999999	2.0730000000000004	15.044	13.207	11.270999999999999	1.9689999999999999	3.372	9.882	10.946	25.19	10.649000000000001	20.721
San Diego-Carlsbad, CA Metro Area 	 32.7174209,-117.1627714	10.173	2.608	26.516000000000002	18.726	17.166	1.7979999999999998	3.0829999999999997	10.753	12.781	33.887	14.179	33.047
San Luis Obispo-Paso Robles-Arroyo Grande, CA Metro Area 	 35.2827525,-120.6596156	2.143	10.033999999999999	5.222	3.77	3.31	0.527	0.871	2.2569999999999997	2.589	8.687000000000001	2.8649999999999998	6.897
Santa Cruz-Watsonville, CA Metro Area 	 36.9749416,-122.0285259	1.6019999999999999	7.221	4.542	3.271	2.7070000000000003	0.477	0.638	1.677	1.9689999999999999	8.718	2.177	6.417
Seattle-Tacoma-Bellevue, WA Metro Area 	 47.6038321,-122.3300624	13.608	63.837	32.675000000000004	25.445	20.262	4.916	7.415	14.183	15.785	45.489000000000004	17.035999999999998	39.631
Sherman-Denison, TX Metro Area 	 33.6360125,-96.6097889	0.9	1.738	1.057	0.896	0.782	2.352	0.46	0.9309999999999999	1.091	1.297	0.766	1.1329999999999998
Shreveport-Bossier City, LA Metro Area 	 32.5221828,-93.7651944	1.6509999999999998	4.592	2.823	2.96	2.2929999999999997	8.068999999999999	0.7649999999999999	1.7260000000000002	2.024	4.2459999999999996	2.07	3.557
Sioux Falls, SD Metro Area 	 43.5499749,-96.700327	0.9510000000000001	2.897	1.984	1.6139999999999999	1.3699999999999999	6.537	0.51	0.9840000000000001	1.129	3.467	1.2	2.927
Springfield, MA Metro Area 	 42.1014831,-72.589811	2.1879999999999997	10.145	4.264	3.6020000000000003	2.794	12.312999999999999	1.823	2.269	2.2300000000000004	5.91	2.346	5.152
State College, PA Metro Area 	 40.7944504,-77.8616386	1.8719999999999999	6.027	4.109	3.3409999999999997	2.7729999999999997	7.507	1.532	1.8860000000000001	2.129	3.669	2.362	4.388999999999999
Syracuse, NY Metro Area 	 43.0481221,-76.1474244	2.213	12.304	4.518999999999999	4.198	3.376	18.263	1.495	2.267	2.554	7.656	2.75	6.836
Tampa-St. Petersburg-Clearwater, FL Metro Area 	 27.9518491,-82.4563972	11.053	52.174	26.987000000000002	22.719	17.884	72.05300000000001	3.605	11.669	13.716000000000001	31.887999999999998	14.767000000000001	27.743
Trenton, NJ Metro Area 	 40.2170575,-74.7429463	1.582	5.449	2.7369999999999997	3.666	2.7529999999999997	6.066	0.768	1.6620000000000001	1.9689999999999999	2.846	2.1670000000000003	2.042
Tucson, AZ Metro Area 	 32.2218917,-110.9262353	4.829	21.338	13.802	10.203999999999999	8.212	26.576999999999998	2.0799999999999996	5.101999999999999	6.05	13.757	6.678	11.105
Tulsa, OK Metro Area 	 36.1556805,-95.9929113	2.926	12.586	6.962000000000001	5.39	4.307	19.114	1.256	3.0869999999999997	3.729	7.5969999999999995	3.855	5.984999999999999
Tyler, TX Metro Area 	 32.3512601,-95.3010624	1.565	4.879	2.363	1.83	1.9220000000000002	7.720000000000001	0.5770000000000001	1.6440000000000001	1.97	3.503	1.712	2.629
Utica-Rome, NY Metro Area 	 43.1009031,-75.2326641	1.082	7.165	2.126	1.9949999999999999	1.5939999999999999	10.999	0.636	1.1260000000000001	1.264	3.915	1.369	3.274
Victoria, TX Metro Area 	 28.8052674,-97.0035982	0.781	1.678	1.194	0.964	0.877	2.3739999999999997	0.433	0.8109999999999999	0.825	1.597	0.847	1.48
Virginia Beach-Norfolk-Newport News, VA-NC Metro Area 	 36.8529841,-75.9774183	7.976999999999999	51.705	22.014	16.872	13.2	77.003	3.9459999999999997	8.437999999999999	9.747	30.505000000000003	10.651000000000002	30.362000000000002
Waco, TX Metro Area 	 31.549333,-97.1466695	1.8519999999999999	4.5009999999999994	2.251	2.092	2.142	6.912	0.6719999999999999	1.9680000000000002	2.2399999999999998	3.5620000000000003	2.033	2.834
Walla Walla, WA Metro Area 	 46.0650381,-118.3302476	0.777	4.284	1.477	1.191	1.0679999999999998	2.028	0.484	0.795	0.88	2.556	0.909	1.9880000000000002
Washington-Arlington-Alexandria, DC-VA-MD-WV Metro Area 	 38.8950092,-77.0365625	18.515	86.93599999999999	40.368	34.028000000000006	26.641000000000002	115.838	11.041	19.328000000000003	20.378	57.257000000000005	22.362	53.129000000000005
Wichita, KS Metro Area 	 37.6922361,-97.3375448	1.678	7.8740000000000006	3.48	2.906	2.589	12.003	41.672000000000004	1.7619999999999998	2.085	5.21	2.198	4.005
Wichita Falls, TX Metro Area 	 33.9137085,-98.4933873	1.3110000000000002	4.542	2.1380000000000003	1.81	1.591	6.983	25.659000000000002	1.3290000000000002	1.528	3.137	1.407	2.769
Youngstown-Warren-Boardman, OH-PA Metro Area 	 41.1035786,-80.6520161	1.724	6.539	3.59	2.999	2.233	8.332	35.48	1.6969999999999998	1.891	4.316000000000001	1.938	4.329000000000001
Albany-Schenectady-Troy, NY Metro Area 	 42.6511674,-73.754968	2.543	0.73	0.7649999999999999	0.651	0.714	0.733	1.1640000000000001	0.499	0.429	0.969	0.776	0.517
Arecibo, PR Metro Area 	 18.3442249,-66.7526951911433	0.536	0.437	0.402	0.41300000000000003	0.41300000000000003	0.419	0.41300000000000003	0.408	0.383	0.453	0.408	0.412
Barnstable Town, MA Metro Area 	 41.278228,-73.600649	0.958	0.426	0.425	0.45	0.422	0.38499999999999995	0.655	1.004	0.398	0.515	0.40299999999999997	0.417
Guayama, PR Metro Area 	 18.0724557,-66.1046633	0.47100000000000003	0.4	0.39599999999999996	0.381	0.388	0.38499999999999995	0.399	0.474	0.48899999999999993	0.408	0.501	0.388
Hartford-West Hartford-East Hartford, CT Metro Area 	 33.4700252,-84.63344	3.2750000000000004	0.781	0.719	0.5109999999999999	0.508	0.725	2.026	3.42	3.846	1.1139999999999999	4.235	0.626
Lebanon, PA Metro Area 	 40.3429683,-76.4233816	0.9700000000000001	0.47800000000000004	0.419	0.46599999999999997	1.2249999999999999	0.5509999999999999	0.9790000000000001	1.0150000000000001	1.145	0.5289999999999999	1.24	0.488
Manchester-Nashua, NH Metro Area 	 42.9956397,-71.4547891	1.516	0.5910000000000001	0.434	1.764	1.388	0.481	1.0219999999999998	1.59	1.113	0.519	1.191	0.424
Mayagüez, PR Metro Area 	 17.9390029,-66.9539751	0.712	0.7380000000000001	0.419	0.896	0.876	0.53	0.518	0.7060000000000001	0.753	0.655	0.794	0.593
Milwaukee-Waukesha-West Allis, WI Metro Area 	 43.0349931,-87.922497	4.016	1.443	0.684	6.7780000000000005	5.412	1.496	2.012	4.203	4.445	0.925	4.856	0.6579999999999999
New Haven-Milford, CT Metro Area 	 41.3083,-72.9279	2.362	0.569	0.559	3.404	2.656	0.517	0.9169999999999999	2.44	2.5660000000000003	0.5720000000000001	2.854	0.455
Philadelphia-Camden-Wilmington, PA-NJ-DE-MD Metro Area 	 39.9527237,-75.1635262	11.723	3.432	25.305999999999997	23.462	18.193	4.298	7.851	12.014999999999999	13.85	3.941	15.279	1.6689999999999998
Ponce, PR Metro Area 	 17.9935058,-66.6071120305113	0.8270000000000001	0.515	1.5410000000000001	1.2910000000000001	1.095	0.49	0.5810000000000001	0.846	0.953	0.5730000000000001	0.969	1.688
Reading, PA Metro Area 	 40.335345,-75.9279495	1.5330000000000001	0.562	3.383	2.934	2.455	0.605	1.127	1.546	1.842	0.57	2.026	2.555
Rochester, NY Metro Area 	 43.1854754,-77.6106861508176	2.774	0.66	5.312	4.863	3.9110000000000005	0.608	1.383	2.8579999999999997	2.99	8.201	3.222	7.325
Salinas, CA Metro Area 	 36.6744117,-121.6550372	2.233	1.5250000000000001	5.643	4.397	3.516	0.5429999999999999	0.969	2.346	2.698	9.807	2.9450000000000003	7.633
San Germán, PR Metro Area 	 18.0887911,-67.007989	0.47800000000000004	1.067	0.651	0.608	0.549	0.40099999999999997	0.397	0.481	0.504	0.71	0.514	0.7649999999999999
San Juan-Carolina-Caguas, PR Metro Area 	 18.4655,-66.1057	2.113	9.559	5.108	4.226	3.238	0.753	1.067	2.157	2.4859999999999998	5.345	2.713	5.008
Sheboygan, WI Metro Area 	 43.7508284,-87.71453	0.731	1.5590000000000002	0.9700000000000001	1.019	0.906	2.068	0.47600000000000003	0.751	0.7879999999999999	1.176	0.8350000000000001	1.234
Tallahassee, FL Metro Area 	 30.4380832,-84.2809332	3.1180000000000003	17.312	8.123	7.0600000000000005	5.596	24.901	1.13	3.315	3.9	9.521999999999998	4.253	8.736
Vineland-Bridgeton, NJ Metro Area 	 39.473152,-75.0020265495217	0.832	2.34	1.467	1.5410000000000001	1.2260000000000002	3.248	0.49799999999999994	0.869	0.939	1.6039999999999999	1.012	1.328
Wilmington, NC Metro Area 	 34.2257282,-77.9447107	2.132	7.424	4.009	3.871	3.019	9.863999999999999	50.401	2.231	2.4650000000000003	5.015000000000001	2.592	5.356
Worcester, MA-CT Metro Area 	 42.2625932,-71.8022934	2.8019999999999996	11.325999999999999	5.303999999999999	4.452	3.441	13.818	27.941	2.972	2.65	5.659	2.9520000000000004	6.469
Albany, OR Metro Area 	 44.6365071,-123.1059324	1.2489999999999999	0.417	0.49	0.41800000000000004	0.4	0.519	0.6	0.9039999999999999	0.397	0.45199999999999996	0.40499999999999997	0.46
Altoona, PA Metro Area 	 40.518681,-78.394736	0.661	0.43600000000000005	0.41800000000000004	0.40499999999999997	0.439	0.554	0.712	0.446	0.43	0.439	0.383	0.40700000000000003
Ann Arbor, MI Metro Area 	 42.2681569,-83.7312291	2.835	0.6449999999999999	0.559	0.546	0.736	0.597	1.161	0.5670000000000001	0.504	0.633	0.5379999999999999	0.48700000000000004
Asheville, NC Metro Area 	 35.6009498,-82.5540161	2.4090000000000003	0.599	0.49700000000000005	0.5569999999999999	0.579	0.5419999999999999	1.261	0.465	0.5569999999999999	0.8019999999999999	0.494	0.528
Athens-Clarke County, GA Metro Area 	 33.9597677,-83.376398	1.89	0.593	0.474	0.49799999999999994	0.421	0.545	0.762	0.57	0.416	0.57	0.447	0.46900000000000003
Auburn-Opelika, AL Metro Area 	 41.4767352,-81.1443658	1.8159999999999998	0.491	0.46	0.465	0.47600000000000003	0.508	0.6769999999999999	1.817	0.46	0.5910000000000001	0.453	0.509
Bismarck, ND Metro Area 	 46.808327,-100.783739	0.804	0.408	0.395	0.412	0.421	0.422	0.47100000000000003	0.829	0.406	0.45	0.40499999999999997	0.397
Blacksburg-Christiansburg-Radford, VA Metro Area 	 37.2296566,-80.4136767	1.794	0.8809999999999999	0.5730000000000001	0.49	0.465	0.975	1.26	1.893	0.456	0.8630000000000001	0.45399999999999996	0.494
Bloomington, IL Metro Area 	 40.4731073,-88.9941403	1.441	0.508	0.435	0.421	0.46599999999999997	0.491	0.629	1.5130000000000001	0.51	0.447	0.449	0.441
Bloomsburg-Berwick, PA Metro Area 	 41.0041213,-76.453816	0.754	0.7200000000000001	0.46599999999999997	0.438	0.391	0.574	0.61	0.759	0.423	0.6589999999999999	0.393	0.45199999999999996
Boulder, CO Metro Area 	 40.102555,-105.3632079	3.376	0.67	0.528	0.495	0.537	0.5770000000000001	0.92	3.576	0.47600000000000003	0.524	0.47100000000000003	0.5289999999999999
Bridgeport-Stamford-Norwalk, CT Metro Area 	 41.1792,-73.1894	2.4	0.55	0.609	0.519	0.481	0.5519999999999999	1.017	2.538	0.417	0.532	0.435	0.46
Burlington-South Burlington, VT Metro Area 	 44.4762975,-73.2135472	0.98	0.44	0.437	0.406	0.417	0.429	0.5760000000000001	1.009	0.406	0.46599999999999997	0.40700000000000003	0.40700000000000003
California-Lexington Park, MD Metro Area 	 38.3004029,-76.5074542	0.878	0.517	0.444	0.42700000000000005	0.46599999999999997	0.502	0.5680000000000001	0.902	0.406	0.464	0.39599999999999996	0.41
Canton-Massillon, OH Metro Area 	 40.7989522,-81.3784445	1.346	0.619	0.41	0.432	0.479	0.6769999999999999	0.716	1.209	0.48500000000000004	0.515	0.458	0.505
Cape Coral-Fort Myers, FL Metro Area 	 26.6059432,-81.9806771	4.138	1.119	0.7240000000000001	0.7010000000000001	0.9520000000000001	1.012	1.537	4.3420000000000005	0.612	1.045	1.153	0.614
Carbondale-Marion, IL Metro Area 	 37.7274692,-89.216655	0.91	0.453	0.41	0.40499999999999997	0.42000000000000004	0.435	0.505	0.94	0.425	0.428	0.40099999999999997	0.429
Champaign-Urbana, IL Metro Area 	 40.1164205,-88.2433829	2.011	0.679	0.5519999999999999	0.46599999999999997	0.592	0.603	0.975	2.101	0.5569999999999999	0.5429999999999999	0.505	0.458
Charleston, WV Metro Area 	 38.3505995,-81.6332812	1.1199999999999999	0.532	0.518	0.647	0.5	0.536	0.541	1.163	0.404	0.508	0.49	0.5770000000000001
Cincinnati, OH-KY-IN Metro Area 	 39.1014537,-84.5124602	5.484	1.145	0.733	0.745	0.873	1.02	1.89	5.729	6.771	1.05	0.741	0.753
Columbus, OH Metro Area 	 39.9622601,-83.0007065	6.193	1.7129999999999999	0.773	0.8069999999999999	1.204	1.738	2.7529999999999997	6.483	7.563000000000001	1.295	0.9259999999999999	1.0610000000000002
Corvallis, OR Metro Area 	 44.5645659,-123.2620435	1.3370000000000002	0.506	0.435	0.453	0.495	0.575	0.5720000000000001	1.3619999999999999	1.502	0.44	0.415	0.5
Decatur, IL Metro Area 	 39.8454163,-88.9524151	0.719	0.439	0.38699999999999996	0.38499999999999995	0.406	0.414	0.46099999999999997	0.743	0.699	0.426	0.762	0.40900000000000003
Deltona-Daytona Beach-Ormond Beach, FL Metro Area 	 28.9005446,-81.2636738	3.769	1.219	0.7699999999999999	0.619	0.683	1.328	1.321	3.9880000000000004	4.853	1.013	5.368	0.7879999999999999
Des Moines-West Des Moines, IA Metro Area 	 41.5910641,-93.6037149	2.499	0.92	0.589	0.509	0.5810000000000001	0.5810000000000001	0.771	2.4160000000000004	2.605	1.059	2.774	0.703
Erie, PA Metro Area 	 42.1294712,-80.0852695	1.1150000000000002	0.45	0.456	0.41300000000000003	0.417	0.544	0.6489999999999999	1.145	1.276	0.43	1.3539999999999999	0.435
Flint, MI Metro Area 	 43.0171773,-83.7236024	1.45	0.47300000000000003	0.5289999999999999	0.40900000000000003	0.57	0.423	0.656	1.5299999999999998	1.813	0.605	2.022	0.434
Florence-Muscle Shoals, AL Metro Area 	 34.74481 -87.66753	0.912	0.47	0.46599999999999997	0.415	0.46900000000000003	0.44	0.528	0.959	0.9430000000000001	0.528	1.081	0.449
Fort Collins, CO Metro Area 	 40.5508527,-105.0668085	2.9859999999999998	0.614	0.55	0.488	0.5419999999999999	0.55	0.9560000000000001	3.1449999999999996	3.5530000000000004	0.5630000000000001	3.689	0.501
Grand Island, NE Metro Area 	 40.924271,-98.338685	0.605	0.419	0.392	0.40299999999999997	0.392	0.381	0.432	0.622	0.6859999999999999	0.42000000000000004	0.727	0.395
Green Bay, WI Metro Area 	 44.5126379,-88.0125794	1.22	0.736	0.433	0.506	0.558	0.632	0.819	1.185	1.2830000000000001	0.488	1.379	0.425
Hagerstown-Martinsburg, MD-WV Metro Area 	 39.6419219,-77.7202641	1.572	1.296	0.536	0.49299999999999994	0.5609999999999999	1.494	1.7149999999999999	1.64	1.728	0.606	1.8699999999999999	0.535
Homosassa Springs, FL Metro Area 	 28.8035939,-82.5759329	1.075	0.877	0.45	0.467	0.434	1.156	0.521	1.1329999999999998	1.315	0.7020000000000001	1.427	0.641
Huntington-Ashland, WV-KY-OH Metro Area 	 38.4192496,-82.445154	1.31	0.585	0.523	0.7020000000000001	1.489	0.626	0.606	1.3719999999999999	1.3159999999999998	0.7010000000000001	1.304	0.501
Johnstown, PA Metro Area 	 40.3267407,-78.9219698	0.8019999999999999	0.48899999999999993	0.442	0.423	1.119	0.527	0.6880000000000001	0.803	0.893	0.486	0.95	0.40299999999999997
Kalamazoo-Portage, MI Metro Area 	 42.291707,-85.5872286	1.977	0.637	0.524	0.458	2.331	0.592	0.704	2.042	2.2079999999999997	0.607	2.476	0.45899999999999996
Lakeland-Winter Haven, FL Metro Area 	 28.0470734,-81.9539892	3.2030000000000003	1.209	0.721	0.7879999999999999	5.799	0.8360000000000001	1.082	3.384	4.077	1.057	4.503	0.527
Lancaster, PA Metro Area 	 40.03813,-76.3056686	1.761	0.67	0.605	0.518	2.7590000000000003	0.65	2.884	1.86	2.195	0.639	2.387	0.429
Lansing-East Lansing, MI Metro Area 	 42.7337712,-84.5553805	2.608	0.636	0.624	0.505	2.8040000000000003	0.574	1.1199999999999999	2.7230000000000003	3.235	0.699	3.564	0.559
Lexington-Fayette, KY Metro Area 	 38.0464066,-84.4970393	2.387	0.622	0.5469999999999999	0.602	3.388	0.5720000000000001	0.87	2.483	2.843	0.5680000000000001	2.745	0.49299999999999994
Lima, OH Metro Area 	 40.742551,-84.1052256	0.708	0.429	0.399	0.39599999999999996	0.803	0.435	0.422	0.737	0.8099999999999999	0.419	0.812	0.39599999999999996
Longview, WA Metro Area 	 46.1377048,-122.9344623	0.747	0.437	0.40299999999999997	0.419	1.082	0.5379999999999999	0.49700000000000005	0.771	0.867	0.397	0.921	0.447
Louisville/Jefferson County, KY-IN Metro Area 	 38.209237,-85.7038502	3.351	0.8109999999999999	0.65	4.61	4.742	0.635	1.315	3.5149999999999997	3.9979999999999998	0.805	4.195	0.5770000000000001
Madison, WI Metro Area 	 43.074761,-89.3837613	3.13	1.201	0.601	5.3870000000000005	4.368	1.227	1.8760000000000001	3.266	3.543	0.847	3.8899999999999997	0.5670000000000001
Mankato-North Mankato, MN Metro Area 	 44.1634663,-93.9993505	0.934	0.434	0.388	1.916	1.4580000000000002	0.40499999999999997	0.503	0.966	1.119	0.408	1.218	0.419
Mansfield, OH Metro Area 	 40.75839,-82.5154471	0.798	0.446	0.384	0.843	0.775	0.457	0.5379999999999999	0.809	0.91	0.392	0.7200000000000001	0.424
Midland, MI Metro Area 	 43.6155825,-84.2472117	0.8170000000000001	0.477	0.579	1.4749999999999999	0.9790000000000001	0.449	0.541	0.858	0.897	0.533	0.939	0.523
Monroe, MI Metro Area 	 41.9145037,-83.3968252	0.877	0.395	0.41	1.261	1.014	0.45399999999999996	0.536	0.888	1.0250000000000001	0.41	1.138	0.406
Morgantown, WV Metro Area 	 39.6296809,-79.9559437	1.267	0.907	0.545	2.1870000000000003	1.719	1.008	0.959	1.317	1.439	0.694	1.474	0.627
Muncie, IN Metro Area 	 40.1936683,-85.3865114	1.1440000000000001	0.458	0.40499999999999997	1.191	1.709	0.429	0.578	1.206	1.377	0.501	1.5050000000000001	0.441
Myrtle Beach-Conway-North Myrtle Beach, SC-NC Metro Area 	 33.6956461,-78.8900409	2.669	0.784	0.588	4.634	3.52	0.7789999999999999	3.349	2.836	3.054	1.3439999999999999	3.179	0.5670000000000001
Naples-Immokalee-Marco Island, FL Metro Area 	 26.1421976,-81.7942944	2.265	0.73	0.49200000000000005	4.01	3.184	0.751	0.719	2.354	2.375	0.6589999999999999	2.641	0.522
Nashville-Davidson--Murfreesboro--Franklin, TN Metro Area 	 36.1622296,-86.7743531	6.8500000000000005	1.2	0.823	11.187000000000001	10.235	1.2349999999999999	3.117	7.11	7.853000000000001	1.0939999999999999	8.39	0.841
New Orleans-Metairie, LA Metro Area 	 29.9499323,-90.0701156	4.398	0.894	0.5680000000000001	6.161	5.34	0.759	1.427	4.555	5.011	0.928	5.453	0.592
North Port-Sarasota-Bradenton, FL Metro Area 	 27.044224,-82.2359254	4.5840000000000005	1.193	12.875	9.997	7.38	1.345	1.8860000000000001	4.803	5.551	1.08	6.0600000000000005	0.755
Norwich-New London, CT Metro Area 	 41.3557,-72.0995	1.597	0.503	3.33	2.903	2.317	0.509	1.195	1.664	1.938	0.513	2.142	0.45
Parkersburg-Vienna, WV Metro Area 	 39.2699565,-81.5506916	0.5900000000000001	0.465	0.871	0.725	0.673	0.46099999999999997	0.417	0.583	0.598	0.438	0.615	0.42000000000000004
Pittsburgh, PA Metro Area 	 40.4416941,-79.9900861	5.162	2.072	11.599	9.301	7.633	2.213	3.243	5.348000000000001	6.146999999999999	1.4929999999999999	6.574	13.949
Portland-South Portland, ME Metro Area 	 43.6591,-70.2568	2.081	0.6719999999999999	2.9459999999999997	2.68	2.392	0.606	0.916	2.1519999999999997	2.0439999999999996	0.78	2.112	3.234
Port St. Lucie, FL Metro Area 	 27.2939333,-80.3503283	2.8609999999999998	0.815	6.625	6.741	5.13	1.178	1.028	3.056	3.6719999999999997	0.963	4.042	8.699
Provo-Orem, UT Metro Area 	 40.2338438,-111.6585337	3.7030000000000003	0.787	10.522	7.609	6.07	0.721	1.795	3.8939999999999997	4.58	0.747	5.043	13.082
Punta Gorda, FL Metro Area 	 26.9297836,-82.0453664	1.617	0.553	4.195	3.589	2.662	0.472	0.6890000000000001	1.676	1.869	0.5289999999999999	2.005	2.9459999999999997
Richmond, VA Metro Area 	 37.5407,-77.4360	4.806	1.856	13.903	10.812000000000001	8.022	2.177	2.5010000000000003	5.088	5.827	1.4189999999999998	6.399	20.844
Roanoke, VA Metro Area 	 37.2738215,-79.9602021478478	1.582	0.747	2.932	2.813	2.347	0.703	1.253	1.674	1.739	4.126	1.907	4.053
Rockford, IL Metro Area 	 42.2713945,-89.093966	1.1280000000000001	0.475	1.7129999999999999	1.435	1.304	0.465	0.528	1.1820000000000002	1.0510000000000002	2.397	1.125	2.094
San Francisco-Oakland-Hayward, CA Metro Area 	 37.7749,-122.4194	13.186	10.984	37.761	27.899	22.82	2.145	4.595	13.846	16.322	68.18599999999999	18.22	50.849
Santa Maria-Santa Barbara, CA Metro Area 	 34.9531295,-120.4358577	2.4250000000000003	9.924999999999999	6.2059999999999995	4.382	4.1209999999999996	0.518	0.76	2.552	2.947	9.19	3.281	7.507
Savannah, GA Metro Area 	 32.0809,-81.0912	2.699	10.588999999999999	4.513	3.8539999999999996	3.388	0.639	0.933	2.568	2.9160000000000004	6.495	3.085	5.98
Sierra Vista-Douglas, AZ Metro Area 	 31.5455709,-110.2772249	1.484	7.998	3.8960000000000004	2.9459999999999997	2.356	10.36	0.9890000000000001	1.57	1.833	4.352	1.99	3.1310000000000002
South Bend-Mishawaka, IN-MI Metro Area 	 41.6833813,-86.2500066	1.719	4.856	3.196	2.988	2.154	6.252	0.785	1.806	1.974	3.639	2.129	3.009
Springfield, OH Metro Area 	 39.9242266,-83.8088172	0.885	1.72	1.087	0.929	0.8490000000000001	1.9040000000000001	0.45399999999999996	0.925	1.057	1.4469999999999998	1.05	1.216
Terre Haute, IN Metro Area 	 39.4667025,-87.4139119	1.089	4.558999999999999	1.635	1.474	1.506	5.562	0.618	1.1360000000000001	1.238	2.381	1.3370000000000002	2.144
Texarkana, TX-AR Metro Area 	 33.4254684,-94.0430977	0.909	2.615	1.4300000000000002	1.194	1.158	3.715	0.5339999999999999	0.9460000000000001	1.077	2.373	1.081	1.9449999999999998
Toledo, OH Metro Area 	 41.6786754,-83.5127283	1.987	5.36	2.625	2.39	1.991	6.747999999999999	0.6890000000000001	2.0869999999999997	2.462	3.7729999999999997	2.155	3.534
Honolulu, HI Metro Area 	 21.3250785,-157.846644178573	4.395	21.364	10.675	7.972999999999999	7.058	25.97	1.71	4.632	5.5329999999999995	16.539	5.872999999999999	13.787
Watertown-Fort Drum, NY Metro Area 	 43.9747838,-75.9107565	1.256	5.948	2.57	2.133	1.717	8.277	13.03	1.3179999999999998	1.494	3.9230000000000005	1.498	3.3440000000000003
Weirton-Steubenville, WV-OH Metro Area 	 40.4189566,-80.5895167	0.844	3.045	1.911	1.4020000000000001	1.085	4.168	65.027	0.879	0.941	2.549	0.9560000000000001	2.0669999999999997
Wheeling, WV-OH Metro Area 	 40.0639616,-80.7209149	0.8400000000000001	2.316	1.428	1.039	0.925	3.2529999999999997	51.638000000000005	0.869	0.934	1.6440000000000001	0.9129999999999999	1.71
Winchester, VA-WV Metro Area 	 39.1852184,-78.1652404	0.864	5.994	1.891	1.477	1.168	9.332	7.034999999999999	0.891	0.968	3.149	1.037	2.569
York-Hanover, PA Metro Area 	 39.962398,-76.727392	1.887	6.05	2.835	2.234	2.0709999999999997	7.355	40.193	1.974	2.024	3.571	2.274	3.249
Alexandria, LA Metro Area 	 31.3113,-92.4451	0.766	0.443	0.381	0.395	0.441	0.399	0.46099999999999997	0.397	0.392	0.417	0.40299999999999997	0.392
Anniston-Oxford-Jacksonville, AL Metro Area 	 33.695381,-85.8398422788233	1.034	0.528	0.494	0.516	0.49	0.585	0.5730000000000001	0.433	0.55	0.546	0.417	0.435
Augusta-Richmond County, GA-SC Metro Area 	 33.4709714,-81.9748429	2.8649999999999998	1.072	0.526	0.553	0.608	0.8140000000000001	1.451	2.763	0.513	0.8630000000000001	0.544	0.5640000000000001
Bay City, MI Metro Area 	 28.9827565,-95.969402	0.7010000000000001	0.399	0.584	0.388	0.62	0.447	0.57	0.735	0.398	0.74	0.38499999999999995	0.417
Brunswick, GA Metro Area 	 31.1500,-81.4915	0.969	0.53	0.43600000000000005	0.4	0.417	0.44499999999999995	0.49700000000000005	0.916	0.389	0.49299999999999994	0.428	0.431
Cape Girardeau, MO-IL Metro Area 	 37.3058839,-89.5181476	0.775	0.415	0.495	0.395	0.524	0.433	0.491	0.799	0.475	0.5810000000000001	0.39	0.447
Chattanooga, TN-GA Metro Area 	 35.0456297,-85.3096801	2.4090000000000003	0.766	0.575	0.6819999999999999	0.515	0.6669999999999999	1.2899999999999998	2.4099999999999997	0.455	0.7060000000000001	0.5199999999999999	0.526
Columbus, GA-AL Metro Area 	 32.4609764,-84.9877094	2.764	0.9129999999999999	0.594	0.5910000000000001	0.537	0.823	1.071	2.6940000000000004	3.0500000000000003	0.78	0.512	0.608
Crestview-Fort Walton Beach-Destin, FL Metro Area 	 30.7621326,-86.5705084	2.1229999999999998	0.7649999999999999	0.535	0.517	0.505	0.644	0.888	2.1870000000000003	2.648	0.653	0.609	0.45399999999999996
Dalton, GA Metro Area 	 34.7698,-84.9702	0.8069999999999999	0.40299999999999997	0.43600000000000005	0.417	0.38499999999999995	0.41800000000000004	0.47800000000000004	0.769	0.731	0.535	0.746	0.43
Dothan, AL Metro Area 	 31.2232313,-85.3904889	0.735	0.462	0.4	0.41	0.40900000000000003	0.483	0.431	0.747	0.7919999999999999	0.453	0.837	0.431
Florence, SC Metro Area 	 34.1984435,-79.7671658	0.9269999999999999	0.53	0.408	0.412	0.415	0.496	0.467	0.9650000000000001	1.031	0.474	0.9790000000000001	0.41
Goldsboro, NC Metro Area 	 35.3848841,-77.9927651	0.964	0.464	0.424	0.42000000000000004	0.429	0.417	0.787	1.003	1.105	0.514	1.1800000000000002	0.48899999999999993
Greenville-Anderson-Mauldin, SC Metro Area 	 34.851354,-82.3984882	3.8089999999999997	1.8339999999999999	0.541	0.545	0.971	0.874	1.2550000000000001	3.811	4.125	0.833	3.886	0.634
Harrisburg-Carlisle, PA Metro Area 	 40.2663107,-76.8861122	2.6679999999999997	0.975	0.707	0.627	0.6130000000000001	1.075	5.37	2.776	3.198	0.841	3.483	0.651
Hattiesburg, MS Metro Area 	 31.3271189,-89.2903392	1.024	0.45	0.399	0.39599999999999996	0.43	0.412	0.5289999999999999	1.082	1.264	0.44499999999999995	1.366	0.39599999999999996
Hinesville, GA Metro Area 	 31.8477298,-81.5960354	1.284	0.458	0.46799999999999997	0.442	0.458	0.527	0.825	1.3110000000000002	1.498	0.5640000000000001	1.537	0.47
Houma-Thibodaux, LA Metro Area 	 29.5957696,-90.7195348	0.841	0.414	0.393	0.404	0.43600000000000005	0.424	0.474	0.873	0.9560000000000001	0.416	1.063	0.39399999999999996
Huntsville, AL Metro Area 	 33.561968,-86.798814	2.363	0.759	0.6819999999999999	0.5910000000000001	2.957	1.0070000000000001	1.046	2.4250000000000003	2.585	0.791	2.847	0.75
Macon, GA Metro Area 	 32.8406946,-83.6324022	1.285	0.482	0.874	2.307	1.856	0.443	0.579	1.131	1.32	1.035	1.383	0.425
Montgomery, AL Metro Area 	 40.85239,-78.266098	2.1870000000000003	0.655	0.507	3.1069999999999998	2.7560000000000002	1.095	0.8490000000000001	2.2529999999999997	2.263	0.652	2.462	0.743
Saginaw, MI Metro Area 	 43.4200387,-83.9490365	1.03	0.533	1.434	1.676	1.113	0.46799999999999997	0.735	1.077	1.186	2.2070000000000003	1.238	1.703
Sebring, FL Metro Area 	 27.4957453,-81.4410425	0.8450000000000001	3.853	1.424	1.4220000000000002	1.2	5.398	0.46	0.878	0.958	2.297	1.021	1.827
Valdosta, GA Metro Area 	 30.8327022,-83.2784851	1.135	5.611	2.061	1.734	1.544	7.2909999999999995	0.569	1.0679999999999998	1.261	2.8080000000000003	1.3159999999999998	2.84
Warner Robins, GA Metro Area 	 32.6209775,-83.5999048	1.269	4.236	2.347	2.521	1.966	5.8500000000000005	0.696	1.219	1.484	3.0660000000000003	1.359	2.2009999999999996
Beckley, WV Metro Area 	 37.7781702,-81.1881557	0.66	0.434	0.40700000000000003	0.46599999999999997	0.41	0.421	0.437	0.6769999999999999	0.39399999999999996	0.433	0.41100000000000003	0.42000000000000004
Bend-Redmond, OR Metro Area 	 44.0581728,-121.3153096	1.189	0.512	0.462	0.441	0.483	0.531	0.533	1.228	0.429	0.43600000000000005	0.42000000000000004	0.484
Bremerton-Silverdale, WA Metro Area 	 47.5653663,-122.6246836	1.88	0.969	0.488	0.5630000000000001	0.5	0.8180000000000001	0.957	1.952	0.425	0.704	0.435	0.624
Chico, CA Metro Area 	 39.7285,-121.8375	1.315	0.92	0.438	0.533	0.7290000000000001	0.457	3.229	1.367	1.56	0.5820000000000001	0.415	0.451
Coeur d'Alene, ID Metro Area 	 47.6742994,-116.7811531	1.219	0.544	0.45	0.448	0.666	0.954	0.631	1.253	1.374	0.484	0.421	0.517
Elkhart-Goshen, IN Metro Area 	 41.6819935,-85.9766671	0.9	0.464	0.423	0.402	0.47	0.47300000000000003	0.5509999999999999	0.9219999999999999	1.0150000000000001	0.76	1.082	0.46799999999999997
Eugene, OR Metro Area 	 44.0505054,-123.0950506	2.439	0.755	0.5670000000000001	0.569	0.628	0.735	1.2229999999999999	2.483	2.7590000000000003	0.61	2.99	0.647
Grants Pass, OR Metro Area 	 42.4393707,-123.3272489	0.8220000000000001	0.46099999999999997	0.43	0.441	0.458	0.448	0.637	0.841	0.914	0.439	0.964	0.42000000000000004
Harrisonburg, VA Metro Area 	 38.4493315,-78.8688833	1.204	1.0959999999999999	0.481	0.412	0.536	1.385	0.905	1.266	1.462	0.852	1.619	0.6880000000000001
Lake Havasu City-Kingman, AZ Metro Area 	 34.4838502,-114.3224495	1.915	0.5820000000000001	0.479	0.629	3.2590000000000003	0.621	1.441	2.0149999999999997	2.407	0.5630000000000001	2.731	0.725
Manhattan, KS Metro Area 	 39.1836082,-96.5716694	1.186	0.47	0.41300000000000003	1.9449999999999998	1.8190000000000002	0.598	1.562	1.239	1.446	0.47800000000000004	1.528	0.43600000000000005
Medford, OR Metro Area 	 42.3264181,-122.8718605	1.562	0.629	0.448	2.3770000000000002	1.8840000000000001	0.589	0.897	1.61	1.754	0.496	1.885	0.501
Pine Bluff, AR Metro Area 	 34.2284312,-92.0031955	0.653	0.424	0.82	0.73	0.8220000000000001	0.398	0.40499999999999997	0.6719999999999999	0.741	0.399	0.771	0.9420000000000001
Salem, OR Metro Area 	 44.9391565,-123.033121	2.565	0.7150000000000001	5.969	4.557	3.625	0.8170000000000001	0.9510000000000001	2.59	2.873	4.364	3.176	7.917999999999999
Spokane-Spokane Valley, WA Metro Area 	 47.6579425,-117.4212265	2.968	18.889	6.938	5.395	4.4079999999999995	11.33	2.25	3.07	3.552	12.527999999999999	3.65	9.414
Yakima, WA Metro Area 	 46.601557,-120.5108421	1.0150000000000001	4.179	1.9849999999999999	1.581	1.444	2.625	10.132	1.048	1.1440000000000001	2.777	1.228	2.524
Atlantic City-Hammonton, NJ Metro Area 	 39.3642852,-74.4229351	1.16	0.432	0.6130000000000001	0.424	0.714	0.784	0.622	1.211	0.39	0.696	0.6579999999999999	0.5509999999999999
Binghamton, NY Metro Area 	 42.096968,-75.914341	1.004	0.47800000000000004	0.477	0.43	0.41300000000000003	0.447	0.526	1.02	0.398	0.458	0.48899999999999993	0.41100000000000003
Bloomington, IN Metro Area 	 39.1670396,-86.5342881	1.929	0.791	0.477	0.456	0.533	0.462	0.884	2.022	0.482	0.772	0.449	0.616
Cleveland, TN Metro Area 	 35.1595182,-84.8766115	0.9219999999999999	0.458	0.42000000000000004	0.412	0.40900000000000003	0.479	0.521	0.923	0.906	0.39399999999999996	0.395	0.393
Columbia, MO Metro Area 	 38.951883,-92.3337366	1.688	0.569	0.566	0.423	0.753	0.5950000000000001	0.684	1.753	2.011	0.679	0.484	0.505
Davenport-Moline-Rock Island, IA-IL Metro Area 	 41.5236436,-90.5776368	1.242	0.47800000000000004	0.44	0.419	0.443	0.435	0.546	1.272	1.296	0.483	1.3780000000000001	0.448
Dover, DE Metro Area 	 39.158168,-75.5243682	1.229	0.6809999999999999	0.546	0.419	0.679	0.5680000000000001	1.099	1.26	1.459	1.118	1.571	0.447
Duluth, MN-WI Metro Area 	 46.7729322,-92.1251218	1.3110000000000002	0.482	0.428	0.48000000000000004	0.49700000000000005	0.484	0.636	1.363	1.59	0.431	1.747	0.428
Durham-Chapel Hill, NC Metro Area 	 36.0181316,-78.8751582	3.839	0.7649999999999999	0.6759999999999999	0.55	0.6449999999999999	0.679	2.695	4.021	4.257000000000001	0.777	4.715	0.674
Elmira, NY Metro Area 	 42.0897965,-76.8077338	0.608	0.40099999999999997	0.424	0.40499999999999997	0.39399999999999996	0.399	0.421	0.628	0.65	0.441	0.6719999999999999	0.38699999999999996
Evansville, IN-KY Metro Area 	 37.9716, -87.5711	1.175	0.6679999999999999	0.488	0.49700000000000005	0.43600000000000005	0.44499999999999995	0.643	1.216	1.356	0.62	1.434	0.508
Glens Falls, NY Metro Area 	 43.309941,-73.644447	0.741	0.416	0.429	0.386	0.402	0.397	0.439	0.642	0.6809999999999999	0.437	0.739	0.4
Grand Forks, ND-MN Metro Area 	 47.9078244,-97.0592028	1.024	0.41800000000000004	0.432	0.41300000000000003	0.47	0.43	0.5109999999999999	1.0610000000000002	1.1720000000000002	0.448	1.261	0.40700000000000003
Greeley, CO Metro Area 	 38.4570355,-101.8185007	2.7590000000000003	0.519	0.509	0.45	0.43600000000000005	0.49700000000000005	0.794	2.938	3.279	0.437	3.4499999999999997	0.488
Greensboro-High Point, NC Metro Area 	 36.0726355,-79.7919754	2.96	0.673	0.545	0.475	0.5599999999999999	0.798	5.688000000000001	3.1380000000000003	3.2030000000000003	0.7919999999999999	3.5140000000000002	0.662
Iowa City, IA Metro Area 	 41.6612561,-91.5299106	1.516	0.565	0.449	0.414	1.6949999999999998	0.444	0.618	1.572	1.521	0.587	1.6360000000000001	0.533
Ithaca, NY Metro Area 	 42.4396039,-76.4968019	1.161	0.474	0.5	0.425	1.4189999999999998	0.499	0.616	1.1720000000000002	1.236	0.483	1.254	0.423
Jackson, MI Metro Area 	 32.2990384,-90.1847691	1.026	0.47600000000000003	0.451	0.398	1.198	0.423	0.526	1.029	1.1139999999999999	0.458	1.2229999999999999	0.397
Jefferson City, MO Metro Area 	 38.577359,-92.1724265	0.9990000000000001	0.435	0.45899999999999996	0.4	1.3699999999999999	0.488	0.483	1.036	1.184	0.541	1.1689999999999998	0.446
Jonesboro, AR Metro Area 	 35.8428646,-90.7034522	0.772	0.45399999999999996	0.442	0.41800000000000004	1.087	0.447	0.474	0.799	0.895	0.415	0.977	0.435
Kingston, NY Metro Area 	 41.9287812,-74.0023702	0.8350000000000001	0.40499999999999997	0.45	0.41	1.296	0.451	0.491	0.846	0.99	0.442	1.0679999999999998	0.39599999999999996
La Crosse-Onalaska, WI-MN Metro Area 	 43.8014053,-91.2395429	0.972	0.554	0.421	0.458	1.365	0.541	0.683	1.001	1.1260000000000001	0.464	1.23	0.417
Lafayette-West Lafayette, IN Metro Area 	 40.4167022,-86.8752869	1.6019999999999999	0.6629999999999999	0.47100000000000003	0.42000000000000004	2.227	0.539	0.6890000000000001	1.664	1.761	0.737	1.917	0.522
Lewiston-Auburn, ME Metro Area 	 44.100351,-70.2147764	0.6930000000000001	0.408	0.39599999999999996	0.38699999999999996	0.914	0.386	0.425	0.714	0.775	0.406	0.8260000000000001	0.391
Logan, UT-ID Metro Area 	 41.7313447,-111.8348631	1.1900000000000002	0.46	0.40700000000000003	0.431	1.857	0.46	0.61	1.2409999999999999	1.436	0.43600000000000005	1.529	0.486
Michigan City-La Porte, IN Metro Area 	 41.7075394,-86.8950297	0.99	0.46299999999999997	0.439	1.49	1.174	0.448	0.618	1.037	0.988	0.599	1.075	0.45199999999999996
Modesto, CA Metro Area 	 37.6390972,-120.9968782	2.098	2.019	0.585	4.621	3.5149999999999997	0.7240000000000001	0.6669999999999999	2.2039999999999997	2.5959999999999996	0.651	2.9099999999999997	0.519
Niles-Benton Harbor, MI Metro Area 	 41.8297694,-86.2541768	0.968	0.525	2.0869999999999997	1.7049999999999998	1.285	0.46	0.55	1.009	1.091	0.716	1.171	0.457
Pittsfield, MA Metro Area 	 42.4500967,-73.2453785	0.705	0.40299999999999997	1.1820000000000002	1.037	0.859	0.39399999999999996	0.438	0.7	0.6970000000000001	0.528	0.746	1.509
Rapid City, SD Metro Area 	 44.081176,-103.228006	0.902	0.554	1.911	1.46	1.196	0.48500000000000004	0.57	0.925	1.014	0.46599999999999997	1.067	2.6580000000000004
Salisbury, MD-DE Metro Area 	 38.3662114,-75.6008881	1.7799999999999998	0.795	3.542	2.8939999999999997	2.303	0.8059999999999999	1.6	1.859	1.865	5.914	2.056	4.186
San Jose-Sunnyvale-Santa Clara, CA Metro Area 	 37.3361905,-121.8905833	6.550000000000001	29.55	19.668000000000003	14.241999999999999	11.304	0.9959999999999999	2.065	6.894	8.099	35.346000000000004	9.031	26.328
Scranton--Wilkes-Barre--Hazleton, PA Metro Area 	 41.4086874,-75.6621294	1.688	6.242	2.9459999999999997	2.8449999999999998	2.3600000000000003	0.7110000000000001	1.0579999999999998	1.685	1.897	3.6180000000000003	2.053	2.8440000000000003
Sebastian-Vero Beach, FL Metro Area 	 27.816415,-80.4706078	1.314	5.898	3.658	2.884	2.182	8.139999999999999	0.528	1.369	1.591	3.5599999999999996	1.73	5.199
Spartanburg, SC Metro Area 	 34.9498007,-81.9320157	1.807	5.412	2.1350000000000002	1.873	1.897	5.819999999999999	0.7020000000000001	1.866	2.137	3.437	2.1359999999999997	2.7239999999999998
Springfield, IL Metro Area 	 39.7990175,-89.6439575	1.048	2.369	2.155	1.678	1.3259999999999998	2.922	0.533	1.0959999999999999	1.1199999999999999	3.0300000000000002	1.185	2.541
Springfield, MO Metro Area 	 37.2166779,-93.2920373	2.16	6.901	4.878	3.816	3.388	9.608	0.753	2.2680000000000002	2.6830000000000003	9.22	2.928	7.452
Sumter, SC Metro Area 	 33.9204354,-80.3414693	0.9079999999999999	2.175	1.33	1.1329999999999998	0.988	3.8930000000000002	0.477	0.948	1.028	2.0799999999999996	0.9309999999999999	1.663
The Villages, FL Metro Area 	 28.9468504,-81.9533443	1.1969999999999998	5.867	3.063	2.4520000000000004	1.83	9.588	0.539	1.2409999999999999	1.391	3.4610000000000003	1.501	3.13
Yuba City, CA Metro Area 	 39.1404477,-121.6169108	1.116	2.9250000000000003	2.442	1.932	1.607	3.477	19.333	1.161	1.356	4.072	1.3439999999999999	3.319
Akron, OH Metro Area 	 41.083064,-81.518485	2.485	0.798	0.47300000000000003	0.482	0.5429999999999999	0.7020000000000001	0.8989999999999999	0.45399999999999996	0.508	0.553	0.441	0.518
Bellingham, WA Metro Area 	 48.7544012,-122.4788361	1.431	0.898	0.453	0.47	0.651	0.866	0.819	1.48	0.40499999999999997	0.506	0.603	0.562
Billings, MT Metro Area 	 45.7874957,-108.49607	1.0150000000000001	0.425	0.414	0.46099999999999997	0.5950000000000001	0.47800000000000004	0.537	1.045	0.449	0.416	0.397	0.43600000000000005
Carson City, NV Metro Area 	 39.1637984,-119.7674034	0.753	0.482	0.404	0.443	0.39599999999999996	0.41	0.431	0.781	0.388	0.446	0.395	0.442
Cedar Rapids, IA Metro Area 	 41.9758872,-91.6704053	1.4020000000000001	0.565	0.434	0.41100000000000003	0.516	0.481	0.594	1.425	0.451	0.74	0.502	0.565
Clarksville, TN-KY Metro Area 	 36.5277607,-87.3588703	2.574	0.771	0.502	0.559	0.585	0.798	1.1460000000000001	2.682	3.108	0.662	0.501	0.5509999999999999
Fargo, ND-MN Metro Area 	 46.877229,-96.789821	1.6869999999999998	0.48000000000000004	0.535	0.45399999999999996	0.752	0.506	0.756	1.746	1.905	0.64	2.091	0.481
Farmington, NM Metro Area 	 36.7304288,-108.2089191	0.662	0.39599999999999996	0.39	0.406	0.38699999999999996	0.395	0.419	0.629	0.652	0.39	0.684	0.402
Fayetteville-Springdale-Rogers, AR-MO Metro Area 	 36.0625843,-94.1574328	2.342	0.8220000000000001	0.587	0.515	0.549	0.6970000000000001	0.749	2.426	2.817	0.585	2.932	0.5599999999999999
Fort Smith, AR-OK Metro Area 	 35.3872218,-94.4248983	1.1039999999999999	0.523	0.443	0.434	0.484	0.5680000000000001	0.481	1.147	1.327	0.45199999999999996	1.421	0.46099999999999997
Fort Wayne, IN Metro Area 	 41.0799898,-85.1386015	1.2910000000000001	0.562	0.48899999999999993	0.45199999999999996	0.515	0.474	0.6	1.35	1.531	0.647	1.707	0.481
Gainesville, FL Metro Area 	 29.67357765,-82.3233746019217	2.776	0.9039999999999999	0.5680000000000001	0.517	0.516	0.9420000000000001	0.9179999999999999	2.924	3.542	0.69	3.9	0.513
Great Falls, MT Metro Area 	 47.5048851,-111.2918908	0.6920000000000001	0.44	0.397	0.406	0.474	0.431	0.5429999999999999	0.708	0.76	0.42000000000000004	0.8220000000000001	0.392
Jackson, MS Metro Area 	 28.5308017,-81.3032443107611	1.639	0.49799999999999994	0.416	0.515	2.018	0.5469999999999999	0.653	1.702	1.918	0.549	1.9780000000000002	0.5
Kennewick-Richland, WA Metro Area 	 46.2083948,-119.1202072	1.4569999999999999	0.784	0.448	0.464	2.209	1.254	1.0510000000000002	1.516	1.7	0.527	1.85	0.553
Kokomo, IN Metro Area 	 40.4864444,-86.1336351	0.639	0.424	0.386	0.388	0.87	0.42700000000000005	0.433	0.661	0.7200000000000001	0.431	0.76	0.40099999999999997
Lafayette, LA Metro Area 	 30.2240897,-92.0198427	1.964	0.516	0.46099999999999997	0.45399999999999996	2.478	0.616	0.789	2.002	2.191	0.554	2.3280000000000003	0.505
Lincoln, NE Metro Area 	 40.8,-96.667821	1.663	0.732	0.49	0.578	2.4699999999999998	0.579	0.755	1.747	1.9880000000000002	0.608	2.175	0.475
Missoula, MT Metro Area 	 46.8700801,-113.9952796	0.9219999999999999	0.47	0.417	1.2489999999999999	1.105	0.521	0.49	0.9430000000000001	1.0070000000000001	0.465	1.092	0.434
Mount Vernon-Anacortes, WA Metro Area 	 48.4200462,-122.32642	1.013	0.651	0.415	1.7329999999999999	1.3960000000000001	0.678	0.622	1.05	1.08	0.443	1.1789999999999998	0.483
Napa, CA Metro Area 	 38.2975,-122.2869	0.91	0.824	0.41100000000000003	1.6260000000000001	1.3259999999999998	0.44	0.491	0.9460000000000001	1.072	0.47100000000000003	1.157	0.416
New Bern, NC Metro Area 	 35.1084931,-77.0441143	1.342	0.5599999999999999	0.44499999999999995	2.1159999999999997	1.863	0.589	1.048	1.395	1.65	0.599	1.824	0.545
Ogden-Clearfield, UT Metro Area 	 41.2230048,-111.9738429	2.868	0.7290000000000001	8.057	5.829	4.765000000000001	0.674	1.304	2.985	3.554	0.617	3.906	0.846
Olympia-Tumwater, WA Metro Area 	 47.0451022,-122.8950075	2.009	1.14	5.793	4.136	3.2279999999999998	1.074	1.139	2.096	2.471	0.622	2.6580000000000004	0.678
Peoria, IL Metro Area 	 40.6938609,-89.5891008	1.411	0.515	2.612	2.248	1.688	0.516	0.626	1.477	1.423	0.503	1.519	0.47800000000000004
Pueblo, CO Metro Area 	 38.187635,-104.5350145	1.0230000000000001	0.429	1.22	1.009	0.9859999999999999	0.419	0.49700000000000005	1.073	1.2570000000000001	0.433	1.092	1.302
Racine, WI Metro Area 	 42.7260523,-87.7825242	0.9309999999999999	0.451	1.019	1.441	1.171	0.457	0.47300000000000003	0.972	0.9259999999999999	0.402	1.01	1.16
Santa Fe, NM Metro Area 	 35.6869996,-105.9377997	1.0250000000000001	2.953	1.4369999999999998	1.2229999999999999	1.0939999999999999	0.45399999999999996	0.49700000000000005	0.921	1.0070000000000001	2.008	1.019	1.8079999999999998
Santa Rosa, CA Metro Area 	 38.4404,-122.7141	1.936	7.146	5.511	4.063	3.235	0.537	1.08	2.029	2.3609999999999998	10.142	2.627	7.328
Vallejo-Fairfield, CA Metro Area 	 38.1040864,-122.2566367	2.421	7.908999999999999	6.836	5.254	4.026	9.464	1.2630000000000001	2.539	2.985	12.527	3.317	9.360999999999999
Visalia-Porterville, CA Metro Area 	 36.3302284,-119.2920585	1.629	5.844	3.198	2.4	2.038	8.603	2.6380000000000003	1.711	1.8840000000000001	4.597	2.105	4.0169999999999995
Yuma, AZ Metro Area 	 32.6926588,-114.6276157	1.387	6.159000000000001	3.4099999999999997	2.621	2.212	8.066	19.036	1.452	1.719	4.208	1.91	3.141
Hammond, LA Metro Area 	 41.5833658,-87.500043	1.2049999999999998	0.419	0.392	0.41800000000000004	0.46299999999999997	0.395	0.574	1.2650000000000001	1.261	0.458	1.387	0.391
Johnson City, TN Metro Area 	 36.3134398,-82.3534728	1.2489999999999999	0.67	0.49	0.40900000000000003	2.077	0.439	0.585	1.288	1.4809999999999999	0.47100000000000003	1.643	0.414
Merced, CA Metro Area 	 37.3029568,-120.4843269	1.405	1.203	0.45899999999999996	2.6879999999999997	2.197	0.44	0.579	1.471	1.732	0.527	1.933	0.431
Pocatello, ID Metro Area 	 42.8688613,-112.4401098	0.847	0.41100000000000003	1.116	0.9790000000000001	0.911	0.41800000000000004	0.49	0.874	0.862	0.397	0.906	1.3339999999999999
Winston-Salem, NC Metro Area 	 36.0999,-80.2442	2.6670000000000003	9.136	4.013	3.2929999999999997	2.7880000000000003	13.007	66.234	2.819	2.8800000000000003	5.343	3.1380000000000003	5.28
Aguadilla-Isabela, PR Metro Area 	 18.44215415,-67.1473105463995	0.696	0.48000000000000004	0.424	0.41300000000000003	0.494	0.438	0.49799999999999994	0.447	0.39	0.524	0.443	0.48899999999999993
Casper, WY Metro Area 	 38.3067052,-122.3465718	0.695	0.431	0.41300000000000003	0.398	0.447	0.404	0.435	0.7110000000000001	0.435	0.422	0.39	0.434
Chambersburg-Waynesboro, PA Metro Area 	 39.9405903,-77.6598624	1.001	0.571	0.435	0.45899999999999996	0.477	0.62	0.873	1.0410000000000001	0.491	0.496	0.438	0.40499999999999997
Charlottesville, VA Metro Area 	 38.029306,-78.4766781	1.7409999999999999	1.261	0.517	0.46099999999999997	0.526	1.534	1.167	1.825	0.519	0.848	0.42000000000000004	0.7240000000000001
East Stroudsburg, PA Metro Area 	 40.9995386,-75.1812913	0.93	0.523	0.449	0.479	0.43	0.6040000000000001	0.67	0.865	0.98	0.5810000000000001	1.0690000000000002	0.496
Elizabethtown-Fort Knox, KY Metro Area 	 37.693952,-85.8591285	1.432	0.47100000000000003	0.45	0.44499999999999995	0.422	0.558	0.983	1.5	1.787	0.435	1.936	0.432
Gettysburg, PA Metro Area 	 39.8309399,-77.2310908	0.789	0.491	0.41100000000000003	0.38699999999999996	0.424	0.484	2.4979999999999998	0.812	0.829	0.429	0.883	0.414
Hanford-Corcoran, CA Metro Area 	 36.3274502,-119.6456844	1.4909999999999999	0.707	0.618	0.5730000000000001	0.47800000000000004	0.484	0.705	1.568	1.648	0.569	1.83	0.453
Morristown, TN Metro Area 	 36.2139814,-83.2948923	0.972	0.46	0.41300000000000003	1.2049999999999998	1.47	0.419	0.707	0.982	1.087	0.404	1.1800000000000002	0.393
Ocean City, NJ Metro Area 	 39.2776156,-74.5746001	0.6849999999999999	0.422	1.23	1.111	0.915	0.503	0.448	0.707	0.741	0.45	0.796	0.429
Staunton-Waynesboro, VA Metro Area 	 38.1496,-79.0717	0.856	4.395	1.6620000000000001	1.307	1.075	6.522	0.6719999999999999	0.879	0.957	2.362	1.049	2.375
Stockton-Lodi, CA Metro Area 	 38.1341, -121.2722	3.0170000000000003	10.779	8.786	6.904000000000001	5.235	12.451	1.7149999999999999	3.186	3.794	15.64	4.267	11.93
Topeka, KS Metro Area 	 39.049011,-95.677556	1.103	3.9490000000000003	1.5870000000000002	1.596	1.653	5.415	1.218	1.155	1.3339999999999999	2.46	1.461	1.996
Williamsport, PA Metro Area 	 41.2493292,-77.0027671	0.733	2.118	1.1340000000000001	1.059	0.9079999999999999	2.653	10.27	0.743	0.808	1.4809999999999999	0.868	1.464
Abilene, TX Metro Area 	 32.4466741,-99.7333011	1.5230000000000001	0.708	0.514	0.5640000000000001	0.477	0.506	0.833	0.525	0.533	0.531	0.5479999999999999	0.422
Fond du Lac, WI Metro Area 	 43.7748763,-88.4458033	0.705	0.49799999999999994	0.395	0.428	0.432	0.483	0.5509999999999999	0.723	0.782	0.408	0.8260000000000001	0.39
Grand Junction, CO Metro Area 	 39.063956,-108.5507317	1.109	0.45899999999999996	0.432	0.46	0.41100000000000003	0.508	0.505	1.1720000000000002	1.3159999999999998	0.43600000000000005	1.424	0.451
Madera, CA Metro Area 	 37.1716264,-119.7737991	1.019	0.5630000000000001	0.462	1.302	1.284	0.431	0.49799999999999994	1.0510000000000002	1.1540000000000001	0.457	1.272	0.402
Owensboro, KY Metro Area 	 37.7742152,-87.1133304	0.631	0.42000000000000004	0.8220000000000001	0.7699999999999999	0.775	0.402	0.44	0.647	0.6980000000000001	0.41	0.7380000000000001	0.415
St. Cloud, MN Metro Area 	 45.5616075,-94.1642004	1.5479999999999998	0.574	1.682	3.5620000000000003	2.617	0.49	0.7200000000000001	1.625	1.913	3.005	2.13	2.469
Appleton, WI Metro Area 	 44.2611337,-88.4067604	1.321	0.71	0.434	0.441	0.453	0.488	0.5289999999999999	0.451	0.42700000000000005	0.47800000000000004	0.399	0.417
Danville, IL Metro Area 	 40.125222,-87.6304614	0.614	0.465	0.38699999999999996	0.39	0.392	0.397	0.44499999999999995	0.628	0.5950000000000001	0.443	0.629	0.423
Dubuque, IA Metro Area 	 42.5006217,-90.6647967	0.754	0.404	0.38499999999999995	0.389	0.399	0.412	0.421	0.781	0.754	0.444	0.795	0.422
Eau Claire, WI Metro Area 	 44.811349,-91.4984941	0.928	0.575	0.389	0.448	0.5419999999999999	0.593	0.909	0.955	1.074	0.456	1.1640000000000001	0.4
Oshkosh-Neenah, WI Metro Area 	 44.0206919,-88.5408574	1.385	0.8019999999999999	1.82	1.691	1.373	0.627	0.664	1.206	1.324	0.527	1.405	0.437
Rochester, MN Metro Area 	 44.0234387,-92.4630182	0.962	0.48700000000000004	1.563	1.6360000000000001	1.3840000000000001	0.431	0.513	0.9740000000000001	1.105	2.872	1.203	2.173
Sioux City, IA-NE-SD Metro Area 	 42.4966815,-96.4058782	0.815	3.474	1.704	1.294	1.124	5.867	0.5	0.825	0.92	2.8080000000000003	0.995	1.9780000000000002
Waterloo-Cedar Falls, IA Metro Area 	 42.4979693,-92.3329637	1.0219999999999998	2.369	1.216	1.093	1.049	3.306	7.527	1.0219999999999998	1.042	2.125	1.099	1.664
Wausau, WI Metro Area 	 44.9596017,-89.6298239	0.6759999999999999	1.168	0.9909999999999999	0.916	0.823	1.552	7.116	0.6920000000000001	0.722	1.1509999999999998	0.778	1.087
Albany, GA Metro Area 	 31.5785,-84.1557	0.976	0.507	0.424	0.42000000000000004	0.40099999999999997	0.437	0.49299999999999994	0.441	0.392	0.484	0.46	0.417
Bangor, ME Metro Area 	 44.8016,-68.7712	0.859	0.4	0.40900000000000003	0.429	0.49299999999999994	0.423	0.46900000000000003	0.882	0.39	0.441	0.483	0.437
El Centro, CA Metro Area 	 32.7920,-115.5631	0.8540000000000001	0.455	0.412	0.49299999999999994	0.40299999999999997	0.42000000000000004	0.707	0.886	1.003	0.525	1.103	0.442
Greenville, NC Metro Area 	 35.612661,-77.3663538	1.666	0.539	0.456	0.5640000000000001	0.596	0.515	1.5659999999999998	1.737	1.867	1.019	2.048	0.6769999999999999
Idaho Falls, ID Metro Area 	 43.4935245,-112.0400919	0.871	0.442	0.40700000000000003	0.408	1.121	0.472	0.594	0.895	0.916	0.40499999999999997	0.982	0.46099999999999997
Janesville-Beloit, WI Metro Area 	 42.6829765,-89.0226793	0.92	0.479	0.40700000000000003	0.412	1.305	0.446	0.558	0.9470000000000001	1.008	0.431	1.111	0.414
Lewiston, ID-WA Metro Area 	 46.4165506,-117.0176569	0.598	0.414	0.39	0.40099999999999997	0.7110000000000001	0.515	0.406	0.611	0.631	0.395	0.636	0.40299999999999997
Rome, GA Metro Area 	 34.257038,-85.1646726	0.789	0.47800000000000004	0.94	0.915	0.785	0.40299999999999997	0.448	0.653	0.694	1.281	0.713	1.317
Ames, IA Metro Area 	 42.0267703,-93.6170554	1.365	0.5770000000000001	0.467	0.43	0.438	0.446	0.57	0.457	0.446	0.5630000000000001	0.47100000000000003	0.5109999999999999
Battle Creek, MI Metro Area 	 42.3192548,-85.1824269	1.063	0.484	0.402	0.391	0.5680000000000001	0.424	0.616	1.111	0.415	0.486	0.426	0.43
Burlington, NC Metro Area 	 36.0956918,-79.4377991	1.161	0.434	0.417	0.395	0.399	0.41800000000000004	0.964	1.218	0.41100000000000003	0.439	0.432	0.408
Hickory-Lenoir-Morganton, NC Metro Area 	 35.7333312,-81.3442915	1.36	0.48500000000000004	0.42000000000000004	0.44499999999999995	0.43600000000000005	0.479	1.056	1.365	1.2260000000000002	0.518	1.296	0.47600000000000003
Kankakee, IL Metro Area 	 41.1200325,-87.8611531	0.684	0.388	0.38699999999999996	0.382	0.636	0.386	0.435	0.705	0.5950000000000001	0.392	0.5950000000000001	0.38699999999999996
Muskegon, MI Metro Area 	 43.2341813,-86.2483921	0.962	0.404	0.404	0.9890000000000001	0.95	0.412	0.482	1.01	1.193	0.449	1.313	0.391
Tuscaloosa, AL Metro Area 	 33.490251,-86.859181	1.812	5.011	2.2369999999999997	2.197	2.006	7.2139999999999995	0.6880000000000001	1.8619999999999999	1.747	3.246	1.856	3.1470000000000002
Bowling Green, KY Metro Area 	 36.9903199,-86.4436018	1.286	0.5519999999999999	0.528	0.553	0.437	0.502	0.6819999999999999	1.328	0.406	0.494	0.505	0.419
Daphne-Fairhope-Foley, AL Metro Area 	 30.6035255,-87.9036047	1.321	0.46900000000000003	0.47	0.477	0.44	0.507	0.589	1.358	1.398	0.479	1.5410000000000001	0.462
Decatur, AL Metro Area 	 40.855019,-78.269096	0.9650000000000001	0.47100000000000003	0.462	0.46299999999999997	0.465	0.5199999999999999	0.531	1.002	1.05	0.5479999999999999	1.175	0.415
Gadsden, AL Metro Area 	 33.565356,-86.783621	0.728	0.398	0.386	0.437	0.397	0.467	0.472	0.6849999999999999	0.64	0.447	0.666	0.439
Mobile, AL Metro Area 	 39.092585,-84.853229	1.521	0.5770000000000001	0.406	2.1470000000000002	1.858	0.605	0.655	1.578	1.814	0.5810000000000001	1.944	0.501
Kingsport-Bristol-Bristol, TN-VA Metro Area 	 36.550238,-82.5594293	1.4120000000000001	0.6890000000000001	0.424	0.508	2.334	0.596	0.565	1.4649999999999999	1.668	0.508	1.842	0.464
Rocky Mount, NC Metro Area 	 35.9423833,-77.7956949	0.837	0.40499999999999997	1.562	1.227	0.995	0.443	0.5559999999999999	0.838	0.9179999999999999	1.975	0.993	2.1310000000000002
Columbus, IN Metro Area 	 39.730727,-82.604837	0.732	0.432	0.39	0.41300000000000003	0.404	0.406	0.55	0.755	0.8170000000000001	0.488	0.39399999999999996	0.404
Hot Springs, AR Metro Area 	 34.5037,-93.0552	0.875	0.55	0.458	0.465	0.421	0.46299999999999997	0.47100000000000003	0.892	0.99	0.46799999999999997	1.004	0.48899999999999993
Jackson, TN Metro Area 	 35.6144446,-88.8177418	0.821	0.423	0.388	0.441	1.221	0.40299999999999997	0.481	0.853	1.0070000000000001	0.42700000000000005	1.059	0.395
Kahului-Wailuku-Lahaina, HI Metro Area 	 20.8894101,-156.4727118	0.86	0.503	0.40099999999999997	0.425	1.236	0.565	0.481	0.889	0.977	0.43	1.046	0.43600000000000005
Laredo, TX Metro Area 	 27.5199841,-99.4953764	0.8099999999999999	0.48500000000000004	0.419	0.391	0.832	0.583	0.447	0.839	0.857	0.483	0.8220000000000001	0.43
Wenatchee, WA Metro Area 	 47.4234599,-120.3103494	0.741	4.596	1.41	1.1820000000000002	0.977	3.267	13.203	0.763	0.799	2.6580000000000004	0.855	1.932
Cumberland, MD-WV Metro Area 	 39.6528509,-78.7624714	0.696	0.599	0.399	0.416	0.41800000000000004	0.646	0.6489999999999999	0.719	0.726	0.415	0.393	0.39599999999999996
St. George, UT Metro Area 	 37.104153,-113.5841313	1.4009999999999998	0.444	3.319	2.529	2.274	0.477	0.869	1.451	1.7309999999999999	4.53	1.9020000000000001	4.0200000000000005
St. Joseph, MO-KS Metro Area 	 39.7686055,-94.8466322	0.987	0.438	1.478	1.2329999999999999	1.606	0.47800000000000004	0.48000000000000004	1.024	1.203	2.646	1.351	2.042
